MA0004.1	0	4	16	1	1
MA0004.1	1	19	1	1	1
MA0004.1	2	1	20	1	1
MA0004.1	3	1	1	20	1
MA0004.1	4	1	1	1	20
MA0004.1	5	1	1	20	1
MA0006.1	0	3	8	2	11
MA0006.1	1	1	1	23	1
MA0006.1	2	1	23	1	1
MA0006.1	3	1	1	23	1
MA0006.1	4	1	1	1	24
MA0006.1	5	1	1	24	1
MA0009.1	0	2	28	8	2
MA0009.1	1	1	1	1	38
MA0009.1	2	40	1	1	1
MA0009.1	3	1	1	40	1
MA0009.1	4	1	1	40	1
MA0009.1	5	1	1	1	40
MA0009.1	6	1	1	40	1
MA0009.1	7	1	2	1	38
MA0009.1	8	1	7	28	4
MA0009.1	9	40	1	1	1
MA0009.1	10	31	5	1	4
MA0017.1	0	1	1	2	11
MA0017.1	1	1	1	12	1
MA0017.1	2	12	1	1	1
MA0017.1	3	6	7	1	1
MA0017.1	4	1	13	1	1
MA0017.1	5	1	3	1	10
MA0017.1	6	1	2	1	11
MA0017.1	7	1	1	1	12
MA0017.1	8	2	1	11	1
MA0017.1	9	6	4	3	1
MA0017.1	10	6	5	1	1
MA0017.1	11	1	10	1	1
MA0017.1	12	3	6	1	4
MA0017.1	13	1	3	3	7
MA0019.1	0	14	7	12	6
MA0019.1	1	11	7	14	7
MA0019.1	2	18	3	15	3
MA0019.1	3	1	1	1	38
MA0019.1	4	1	1	38	1
MA0019.1	5	4	33	1	2
MA0019.1	6	38	1	1	1
MA0019.1	7	36	2	1	1
MA0019.1	8	1	6	1	33
MA0019.1	9	14	17	5	3
MA0019.1	10	4	23	9	3
MA0019.1	11	1	26	6	7
MA0025.1	0	1	1	1	22
MA0025.1	1	1	1	2	21
MA0025.1	2	22	1	1	1
MA0025.1	3	1	8	1	15
MA0025.1	4	2	1	21	1
MA0025.1	5	1	1	1	23
MA0025.1	6	23	1	1	1
MA0025.1	7	22	1	1	1
MA0025.1	8	1	11	4	8
MA0025.1	9	7	5	7	4
MA0025.1	10	5	5	3	10
MA0027.1	0	4	1	2	3
MA0027.1	1	5	2	2	1
MA0027.1	2	3	1	7	1
MA0027.1	3	1	1	2	8
MA0027.1	4	4	1	3	3
MA0027.1	5	3	1	7	1
MA0027.1	6	3	1	1	7
MA0027.1	7	2	1	4	3
MA0027.1	8	1	3	3	3
MA0027.1	9	1	4	1	4
MA0027.1	10	1	6	1	2
MA0028.1	0	7	7	10	4
MA0028.1	1	10	6	6	6
MA0028.1	2	9	4	10	5
MA0028.1	3	5	19	1	3
MA0028.1	4	2	24	1	1
MA0028.1	5	1	1	24	4
MA0028.1	6	1	1	27	1
MA0028.1	7	27	1	1	1
MA0028.1	8	21	5	1	2
MA0028.1	9	13	1	14	1
MA0029.1	0	14	2	6	5
MA0029.1	1	20	1	2	4
MA0029.1	2	1	1	25	1
MA0029.1	3	27	1	1	1
MA0029.1	4	1	10	1	16
MA0029.1	5	27	1	1	1
MA0029.1	6	26	1	1	1
MA0029.1	7	1	1	27	1
MA0029.1	8	27	1	1	1
MA0029.1	9	1	3	1	24
MA0029.1	10	24	1	1	2
MA0029.1	11	23	1	4	1
MA0029.1	12	6	7	7	7
MA0029.1	13	15	6	3	3
MA0030.1	0	1	10	7	9
MA0030.1	1	10	7	5	5
MA0030.1	2	17	4	2	4
MA0030.1	3	13	5	5	5
MA0030.1	4	3	11	8	1
MA0030.1	5	7	1	20	1
MA0030.1	6	1	1	1	27
MA0030.1	7	27	1	1	1
MA0030.1	8	27	1	1	1
MA0030.1	9	27	1	1	1
MA0030.1	10	1	25	1	2
MA0030.1	11	27	1	1	1
MA0030.1	12	16	4	2	5
MA0030.1	13	7	4	6	10
MA0031.1	0	1	1	17	1
MA0031.1	1	1	1	1	20
MA0031.1	2	19	1	1	1
MA0031.1	3	20	1	1	1
MA0031.1	4	18	1	1	1
MA0031.1	5	1	18	1	1
MA0031.1	6	20	1	1	1
MA0031.1	7	7	2	3	8
MA0032.1	0	4	4	5	3
MA0032.1	1	2	5	6	3
MA0032.1	2	4	4	3	5
MA0032.1	3	6	4	5	1
MA0032.1	4	7	3	2	4
MA0032.1	5	1	1	16	1
MA0032.1	6	1	1	1	16
MA0032.1	7	16	1	1	1
MA0033.1	0	7	1	4	11
MA0033.1	1	10	4	2	7
MA0033.1	2	6	3	6	8
MA0033.1	3	13	4	4	2
MA0033.1	4	4	10	2	7
MA0033.1	5	21	1	2	1
MA0033.1	6	1	2	1	21
MA0033.1	7	22	1	1	1
MA0038.1	0	9	20	9	15
MA0038.1	1	28	16	7	2
MA0038.1	2	53	1	1	1
MA0038.1	3	53	1	1	1
MA0038.1	4	1	1	1	51
MA0038.1	5	1	52	1	1
MA0038.1	6	31	7	2	13
MA0038.1	7	8	28	11	6
MA0038.1	8	19	11	2	21
MA0038.1	9	7	13	28	5
MA0040.1	0	4	4	3	7
MA0040.1	1	13	1	3	1
MA0040.1	2	5	2	1	11
MA0040.1	3	3	1	1	15
MA0040.1	4	1	1	18	1
MA0040.1	5	1	1	1	18
MA0040.1	6	1	1	1	18
MA0040.1	7	1	1	1	18
MA0040.1	8	17	1	1	1
MA0040.1	9	1	1	4	13
MA0040.1	10	6	1	3	9
MA0041.1	0	11	3	26	7
MA0041.1	1	30	2	1	15
MA0041.1	2	24	1	1	22
MA0041.1	3	1	4	1	42
MA0041.1	4	12	1	34	1
MA0041.1	5	1	1	1	47
MA0041.1	6	1	1	1	46
MA0041.1	7	5	1	10	32
MA0041.1	8	14	1	21	12
MA0041.1	9	6	7	1	34
MA0041.1	10	1	2	4	40
MA0041.1	11	1	12	1	35
MA0042.1	0	6	1	14	10
MA0042.1	1	4	8	12	7
MA0042.1	2	11	4	8	8
MA0042.1	3	1	1	1	31
MA0042.1	4	13	1	18	1
MA0042.1	5	1	1	1	31
MA0042.1	6	1	1	1	31
MA0042.1	7	1	1	1	31
MA0042.1	8	15	1	16	1
MA0042.1	9	1	1	7	24
MA0042.1	10	8	1	4	18
MA0042.1	11	2	1	4	24
MA0043.1	0	1	4	8	5
MA0043.1	1	6	1	12	1
MA0043.1	2	1	1	1	17
MA0043.1	3	1	1	3	15
MA0043.1	4	13	1	2	2
MA0043.1	5	1	15	1	2
MA0043.1	6	6	1	12	1
MA0043.1	7	1	9	1	9
MA0043.1	8	13	4	1	1
MA0043.1	9	15	1	1	2
MA0043.1	10	2	3	1	12
MA0043.1	11	5	5	3	5
MA0046.1	0	5	1	14	2
MA0046.1	1	1	1	20	1
MA0046.1	2	1	1	1	20
MA0046.1	3	1	1	1	20
MA0046.1	4	20	1	1	1
MA0046.1	5	16	2	1	2
MA0046.1	6	1	1	1	20
MA0046.1	7	8	2	4	7
MA0046.1	8	14	1	1	6
MA0046.1	9	2	1	1	19
MA0046.1	10	1	4	1	17
MA0046.1	11	13	1	3	4
MA0046.1	12	8	8	3	2
MA0046.1	13	5	13	1	3
MA0048.1	0	13	13	17	11
MA0048.1	1	13	39	2	1
MA0048.1	2	3	5	37	9
MA0048.1	3	1	53	1	1
MA0048.1	4	54	1	1	1
MA0048.1	5	1	1	52	1
MA0048.1	6	1	50	3	1
MA0048.1	7	1	1	1	52
MA0048.1	8	1	1	53	1
MA0048.1	9	3	37	8	6
MA0048.1	10	2	1	37	15
MA0048.1	11	5	17	12	20
MA0051.1	0	1	4	7	1
MA0051.1	1	2	1	10	1
MA0051.1	2	12	1	1	1
MA0051.1	3	11	1	1	1
MA0051.1	4	12	1	1	1
MA0051.1	5	2	1	10	1
MA0051.1	6	1	6	1	6
MA0051.1	7	1	1	12	1
MA0051.1	8	12	1	1	1
MA0051.1	9	12	1	1	1
MA0051.1	10	12	1	1	1
MA0051.1	11	1	6	6	1
MA0051.1	12	1	7	2	3
MA0051.1	13	5	2	3	2
MA0051.1	14	6	1	2	4
MA0051.1	15	6	1	1	4
MA0051.1	16	5	2	1	4
MA0051.1	17	3	6	1	2
MA0056.1	0	3	5	4	8
MA0056.1	1	1	1	19	1
MA0056.1	2	2	1	18	1
MA0056.1	3	1	1	19	1
MA0056.1	4	1	1	20	1
MA0056.1	5	18	1	2	1
MA0057.1	0	1	4	7	4
MA0057.1	1	2	1	7	7
MA0057.1	2	15	1	1	1
MA0057.1	3	1	1	11	5
MA0057.1	4	1	1	15	1
MA0057.1	5	1	2	14	1
MA0057.1	6	1	1	14	2
MA0057.1	7	3	1	8	4
MA0057.1	8	10	1	4	2
MA0057.1	9	8	2	4	2
MA0059.1	0	7	1	9	4
MA0059.1	1	15	1	4	1
MA0059.1	2	2	9	9	1
MA0059.1	3	1	20	1	1
MA0059.1	4	21	1	1	1
MA0059.1	5	1	20	1	1
MA0059.1	6	1	1	20	1
MA0059.1	7	1	1	1	20
MA0059.1	8	1	1	21	1
MA0059.1	9	1	1	18	1
MA0059.1	10	3	5	1	13
MA0063.1	0	7	1	1	9
MA0063.1	1	1	4	1	13
MA0063.1	2	17	1	1	1
MA0063.1	3	17	1	1	1
MA0063.1	4	1	1	7	10
MA0063.1	5	4	2	1	11
MA0063.1	6	2	1	11	3
MA0066.1	0	3	8	14	3
MA0066.1	1	3	1	1	25
MA0066.1	2	19	1	9	1
MA0066.1	3	1	1	27	1
MA0066.1	4	1	1	26	1
MA0066.1	5	1	1	4	23
MA0066.1	6	2	23	3	1
MA0066.1	7	26	1	1	1
MA0066.1	8	5	15	4	4
MA0066.1	9	5	7	10	6
MA0066.1	10	4	2	18	4
MA0066.1	11	1	1	2	25
MA0066.1	12	2	5	20	1
MA0066.1	13	22	5	1	1
MA0066.1	14	1	27	1	1
MA0066.1	15	1	25	1	3
MA0066.1	16	3	12	1	13
MA0066.1	17	22	5	1	1
MA0066.1	18	5	12	6	5
MA0066.1	19	7	1	1	20
MA0067.1	0	10	7	5	9
MA0067.1	1	7	1	21	2
MA0067.1	2	3	2	1	26
MA0067.1	3	1	28	1	2
MA0067.1	4	26	1	3	1
MA0067.1	5	2	17	1	11
MA0067.1	6	2	1	19	10
MA0067.1	7	1	11	11	8
MA0068.1	0	7	2	11	1
MA0068.1	1	20	1	1	1
MA0068.1	2	16	2	1	2
MA0068.1	3	11	1	1	8
MA0068.1	4	13	1	3	4
MA0068.1	5	11	3	1	6
MA0068.1	6	6	1	2	12
MA0068.1	7	9	1	1	10
MA0068.1	8	5	3	6	7
MA0068.1	9	5	11	1	4
MA0068.1	10	6	11	4	1
MA0068.1	11	7	7	5	2
MA0068.1	12	8	7	2	4
MA0068.1	13	6	5	1	9
MA0068.1	14	10	5	4	2
MA0068.1	15	4	8	4	5
MA0068.1	16	3	6	4	8
MA0068.1	17	7	8	3	3
MA0068.1	18	4	9	3	5
MA0068.1	19	9	6	2	4
MA0068.1	20	5	7	5	4
MA0068.1	21	5	6	2	8
MA0068.1	22	7	11	1	3
MA0068.1	23	6	9	1	5
MA0068.1	24	3	12	2	4
MA0068.1	25	7	9	2	3
MA0068.1	26	3	12	2	4
MA0068.1	27	1	11	3	6
MA0068.1	28	6	11	1	3
MA0068.1	29	3	13	2	3
MA0069.1	0	2	4	4	33
MA0069.1	1	2	2	1	39
MA0069.1	2	4	26	1	12
MA0069.1	3	39	2	1	1
MA0069.1	4	3	34	1	5
MA0069.1	5	1	1	41	1
MA0069.1	6	1	37	4	1
MA0069.1	7	21	2	2	18
MA0069.1	8	1	4	1	37
MA0069.1	9	2	14	25	2
MA0069.1	10	36	1	6	1
MA0069.1	11	11	11	13	8
MA0069.1	12	1	5	3	34
MA0069.1	13	1	1	17	25
MA0070.1	0	5	6	2	5
MA0070.1	1	3	9	3	3
MA0070.1	2	16	1	1	1
MA0070.1	3	1	1	1	16
MA0070.1	4	1	18	1	1
MA0070.1	5	17	1	1	1
MA0070.1	6	17	1	1	1
MA0070.1	7	1	1	1	17
MA0070.1	8	1	18	1	1
MA0070.1	9	16	1	1	1
MA0070.1	10	12	1	1	5
MA0070.1	11	8	2	2	6
MA0071.1	0	15	1	2	7
MA0071.1	1	9	1	1	15
MA0071.1	2	6	12	4	3
MA0071.1	3	11	2	5	7
MA0071.1	4	21	1	4	1
MA0071.1	5	1	1	25	1
MA0071.1	6	1	1	25	1
MA0071.1	7	1	1	1	25
MA0071.1	8	1	25	1	1
MA0071.1	9	25	1	1	1
MA0072.1	0	9	8	8	11
MA0072.1	1	17	2	7	10
MA0072.1	2	15	1	3	18
MA0072.1	3	35	1	1	1
MA0072.1	4	23	1	1	13
MA0072.1	5	2	12	13	9
MA0072.1	6	1	1	1	36
MA0072.1	7	28	1	8	1
MA0072.1	8	1	1	36	1
MA0072.1	9	1	1	36	1
MA0072.1	10	1	1	1	36
MA0072.1	11	1	36	1	1
MA0072.1	12	36	1	1	1
MA0072.1	13	15	6	10	5
MA0073.1	0	3	8	1	1
MA0073.1	1	1	10	1	1
MA0073.1	2	3	8	1	1
MA0073.1	3	1	11	1	1
MA0073.1	4	7	4	1	1
MA0073.1	5	9	2	1	1
MA0073.1	6	8	3	1	1
MA0073.1	7	4	6	1	1
MA0073.1	8	1	11	1	1
MA0073.1	9	11	1	1	1
MA0073.1	10	4	7	1	1
MA0073.1	11	1	10	1	1
MA0073.1	12	3	8	1	1
MA0073.1	13	4	6	1	1
MA0073.1	14	2	9	1	1
MA0073.1	15	4	5	1	2
MA0073.1	16	4	5	1	1
MA0073.1	17	4	6	1	1
MA0073.1	18	1	7	3	1
MA0073.1	19	4	4	2	1
MA0074.1	0	3	1	7	1
MA0074.1	1	1	1	10	1
MA0074.1	2	1	1	9	1
MA0074.1	3	1	1	1	10
MA0074.1	4	1	9	1	1
MA0074.1	5	9	1	1	1
MA0074.1	6	4	2	1	4
MA0074.1	7	2	4	2	2
MA0074.1	8	2	1	8	1
MA0074.1	9	5	1	5	1
MA0074.1	10	1	1	10	1
MA0074.1	11	1	1	1	10
MA0074.1	12	1	1	1	9
MA0074.1	13	1	9	1	1
MA0074.1	14	7	1	2	1
MA0075.1	0	52	2	4	1
MA0075.1	1	59	1	1	1
MA0075.1	2	1	1	1	58
MA0075.1	3	1	1	1	59
MA0075.1	4	58	1	1	1
MA0077.1	0	3	55	9	9
MA0077.1	1	8	38	6	24
MA0077.1	2	71	1	1	4
MA0077.1	3	2	1	2	71
MA0077.1	4	7	1	4	65
MA0077.1	5	2	2	72	1
MA0077.1	6	13	1	4	59
MA0077.1	7	9	7	6	54
MA0077.1	8	14	31	7	24
MA0078.1	0	7	9	6	9
MA0078.1	1	8	8	4	11
MA0078.1	2	3	18	1	9
MA0078.1	3	30	1	1	1
MA0078.1	4	1	1	1	30
MA0078.1	5	1	1	1	31
MA0078.1	6	1	1	31	1
MA0078.1	7	1	1	2	29
MA0078.1	8	1	17	10	4
MA0081.1	0	31	1	1	18
MA0081.1	1	4	14	29	2
MA0081.1	2	24	16	7	2
MA0081.1	3	2	1	47	1
MA0081.1	4	1	1	47	1
MA0081.1	5	48	1	1	1
MA0081.1	6	47	1	1	2
MA0084.1	0	5	5	10	8
MA0084.1	1	8	3	4	13
MA0084.1	2	15	1	3	10
MA0084.1	3	18	3	3	4
MA0084.1	4	25	1	1	3
MA0084.1	5	1	26	1	2
MA0084.1	6	28	1	1	1
MA0084.1	7	27	1	1	1
MA0084.1	8	7	1	2	19
MA0087.1	0	23	1	1	1
MA0087.1	1	1	1	1	22
MA0087.1	2	1	1	1	23
MA0087.1	3	1	1	22	1
MA0087.1	4	1	1	1	22
MA0087.1	5	1	1	1	21
MA0087.1	6	8	3	4	8
MA0088.1	0	1	3	4	3
MA0088.1	1	6	2	1	1
MA0088.1	2	2	3	1	4
MA0088.1	3	1	3	2	5
MA0088.1	4	2	1	1	7
MA0088.1	5	1	7	1	2
MA0088.1	6	1	10	1	1
MA0088.1	7	1	10	1	1
MA0088.1	8	9	1	1	1
MA0088.1	9	1	1	4	5
MA0088.1	10	4	4	2	1
MA0088.1	11	6	2	2	1
MA0088.1	12	1	1	1	9
MA0088.1	13	1	1	6	3
MA0088.1	14	1	10	1	1
MA0088.1	15	4	5	1	1
MA0088.1	16	3	1	1	5
MA0088.1	17	2	3	1	5
MA0088.1	18	1	1	7	1
MA0088.1	19	3	6	1	1
MA0089.1	0	7	11	10	6
MA0089.1	1	29	2	3	1
MA0089.1	2	1	1	1	34
MA0089.1	3	1	1	32	1
MA0089.1	4	34	1	1	1
MA0089.1	5	1	26	2	6
MA0090.1	0	1	6	1	4
MA0090.1	1	9	1	3	1
MA0090.1	2	1	12	1	1
MA0090.1	3	12	1	1	1
MA0090.1	4	1	1	1	12
MA0090.1	5	1	1	1	12
MA0090.1	6	1	12	1	1
MA0090.1	7	1	11	1	1
MA0090.1	8	5	1	1	7
MA0090.1	9	1	7	4	1
MA0090.1	10	2	4	3	3
MA0090.1	11	1	2	8	2
MA0091.1	0	13	14	8	9
MA0091.1	1	9	10	20	5
MA0091.1	2	39	1	3	2
MA0091.1	3	20	24	1	1
MA0091.1	4	1	43	1	1
MA0091.1	5	44	1	1	1
MA0091.1	6	1	1	11	32
MA0091.1	7	12	32	1	1
MA0091.1	8	1	1	1	44
MA0091.1	9	1	1	43	1
MA0091.1	10	1	3	20	21
MA0091.1	11	4	4	2	34
MA0092.1	0	4	8	10	7
MA0092.1	1	10	1	15	4
MA0092.1	2	2	2	1	24
MA0092.1	3	1	28	1	1
MA0092.1	4	1	1	1	29
MA0092.1	5	1	1	29	1
MA0092.1	6	1	3	25	1
MA0092.1	7	9	14	1	5
MA0092.1	8	16	1	3	10
MA0092.1	9	5	4	4	16
MA0101.1	0	1	5	8	4
MA0101.1	1	1	1	15	1
MA0101.1	2	1	1	15	1
MA0101.1	3	5	1	9	2
MA0101.1	4	6	5	3	3
MA0101.1	5	5	1	1	10
MA0101.1	6	1	1	1	16
MA0101.1	7	2	1	1	15
MA0101.1	8	1	15	1	2
MA0101.1	9	1	16	1	1
MA0107.1	0	1	4	11	3
MA0107.1	1	1	1	17	1
MA0107.1	2	1	1	18	1
MA0107.1	3	11	1	7	1
MA0107.1	4	10	3	4	1
MA0107.1	5	2	1	1	16
MA0107.1	6	1	1	1	18
MA0107.1	7	1	2	1	16
MA0107.1	8	1	18	1	1
MA0107.1	9	1	18	1	1
MA0108.2	0	61	145	152	31
MA0108.2	1	16	46	18	309
MA0108.2	2	352	1	2	35
MA0108.2	3	3	10	2	374
MA0108.2	4	354	1	5	30
MA0108.2	5	268	1	1	121
MA0108.2	6	360	3	20	6
MA0108.2	7	222	2	44	121
MA0108.2	8	155	44	157	33
MA0108.2	9	56	135	150	48
MA0108.2	10	83	147	128	31
MA0108.2	11	82	127	128	52
MA0108.2	12	82	118	128	61
MA0108.2	13	68	107	139	75
MA0108.2	14	77	101	140	71
MA0109.1	0	16	10	12	13
MA0109.1	1	20	12	5	16
MA0109.1	2	26	33	1	1
MA0109.1	3	1	59	1	1
MA0109.1	4	25	1	1	34
MA0109.1	5	1	1	1	59
MA0109.1	6	24	5	12	18
MA0109.1	7	1	1	22	37
MA0109.1	8	15	14	14	8
MA0109.1	9	12	12	10	15
MA0111.1	0	9	1	3	1
MA0111.1	1	1	2	9	1
MA0111.1	2	2	1	10	1
MA0111.1	3	1	1	11	1
MA0111.1	4	1	1	1	10
MA0111.1	5	8	1	1	4
MA0111.1	6	6	1	2	4
MA0111.1	7	1	9	2	1
MA0111.1	8	10	1	2	1
MA0111.1	9	1	1	9	2
MA0111.1	10	2	8	2	1
MA0115.1	0	17	5	1	3
MA0115.1	1	17	1	5	2
MA0115.1	2	20	1	5	1
MA0115.1	3	1	1	25	1
MA0115.1	4	1	1	24	1
MA0115.1	5	1	1	1	25
MA0115.1	6	1	25	1	1
MA0115.1	7	25	1	1	1
MA0115.1	8	24	1	1	1
MA0115.1	9	25	1	1	1
MA0115.1	10	1	1	25	1
MA0115.1	11	1	1	25	1
MA0115.1	12	1	1	1	25
MA0115.1	13	1	25	1	1
MA0115.1	14	25	1	1	1
MA0115.1	15	20	1	2	2
MA0115.1	16	1	15	6	4
MA0116.1	0	7	4	22	1
MA0116.1	1	1	16	17	1
MA0116.1	2	16	17	1	1
MA0116.1	3	17	16	1	1
MA0116.1	4	1	33	1	1
MA0116.1	5	1	33	1	1
MA0116.1	6	1	17	1	15
MA0116.1	7	24	1	1	9
MA0116.1	8	13	1	16	4
MA0116.1	9	1	1	33	1
MA0116.1	10	1	1	33	1
MA0116.1	11	1	1	17	16
MA0116.1	12	1	1	16	17
MA0116.1	13	1	8	16	9
MA0116.1	14	11	22	1	1
MA0117.1	0	1	1	15	1
MA0117.1	1	1	12	1	1
MA0117.1	2	1	3	1	11
MA0117.1	3	1	1	12	2
MA0117.1	4	12	2	1	1
MA0117.1	5	3	8	1	3
MA0117.1	6	3	1	7	4
MA0117.1	7	2	5	5	3
MA0119.1	0	1	1	1	16
MA0119.1	1	1	1	16	1
MA0119.1	2	1	1	16	1
MA0119.1	3	1	16	1	1
MA0119.1	4	14	1	1	1
MA0119.1	5	2	8	5	1
MA0119.1	6	2	8	4	2
MA0119.1	7	7	1	5	3
MA0119.1	8	4	3	2	7
MA0119.1	9	1	1	16	1
MA0119.1	10	1	16	1	1
MA0119.1	11	1	16	1	1
MA0119.1	12	16	1	1	1
MA0119.1	13	14	1	1	1
MA0122.1	0	4	7	4	9
MA0122.1	1	1	4	5	14
MA0122.1	2	13	1	7	3
MA0122.1	3	24	1	1	1
MA0122.1	4	1	1	24	1
MA0122.1	5	1	1	1	24
MA0122.1	6	6	1	18	1
MA0122.1	7	4	6	12	2
MA0122.1	8	9	7	5	3
MA0124.1	0	13	1	3	3
MA0124.1	1	1	1	1	19
MA0124.1	2	20	1	1	1
MA0124.1	3	1	19	1	1
MA0124.1	4	1	1	1	19
MA0124.1	5	1	1	1	19
MA0124.1	6	19	1	1	1
MA0125.1	0	1	1	1	37
MA0125.1	1	36	1	1	2
MA0125.1	2	38	1	1	1
MA0125.1	3	1	1	2	34
MA0125.1	4	2	1	4	32
MA0125.1	5	15	1	22	1
MA0125.1	6	4	12	18	4
MA0125.1	7	2	13	6	17
MA0130.1	0	7	6	3	1
MA0130.1	1	3	2	1	11
MA0130.1	2	1	16	1	1
MA0130.1	3	1	16	1	1
MA0130.1	4	16	1	1	1
MA0130.1	5	1	15	1	1
MA0131.1	0	2	6	5	7
MA0131.1	1	13	1	1	6
MA0131.1	2	20	1	1	1
MA0131.1	3	2	17	1	1
MA0131.1	4	1	1	19	1
MA0131.1	5	1	1	1	19
MA0131.1	6	1	19	1	1
MA0131.1	7	1	18	2	1
MA0131.1	8	1	1	19	1
MA0131.1	9	2	13	1	4
MA0132.1	0	1	19	5	6
MA0132.1	1	1	1	1	31
MA0132.1	2	31	1	1	1
MA0132.1	3	31	1	1	1
MA0132.1	4	1	1	1	30
MA0132.1	5	1	1	10	19
MA0133.1	0	15	11	10	7
MA0133.1	1	4	35	2	2
MA0133.1	2	41	1	1	1
MA0133.1	3	36	2	4	1
MA0133.1	4	7	29	6	1
MA0133.1	5	19	14	7	3
MA0133.1	6	3	22	15	3
MA0135.1	0	9	1	3	8
MA0135.1	1	16	2	2	1
MA0135.1	2	19	1	1	1
MA0135.1	3	1	1	1	20
MA0135.1	4	1	1	1	20
MA0135.1	5	19	1	1	1
MA0135.1	6	20	1	1	1
MA0135.1	7	2	2	1	16
MA0135.1	8	1	1	1	19
MA0135.1	9	16	1	1	3
MA0135.1	10	9	1	3	8
MA0135.1	11	2	8	1	10
MA0135.1	12	2	9	3	6
MA0136.1	0	12	9	3	20
MA0136.1	1	29	3	7	5
MA0136.1	2	2	20	5	17
MA0136.1	3	14	1	1	29
MA0136.1	4	1	1	1	43
MA0136.1	5	1	44	1	1
MA0136.1	6	1	44	1	1
MA0136.1	7	4	3	11	26
MA0136.1	8	4	8	11	21
MA0139.1	0	87	291	76	459
MA0139.1	1	167	145	414	187
MA0139.1	2	281	49	449	134
MA0139.1	3	56	800	21	36
MA0139.1	4	8	903	1	2
MA0139.1	5	744	13	65	91
MA0139.1	6	40	528	334	11
MA0139.1	7	107	433	48	324
MA0139.1	8	851	11	32	18
MA0139.1	9	5	1	903	3
MA0139.1	10	333	3	566	9
MA0139.1	11	54	12	504	341
MA0139.1	12	12	1	890	8
MA0139.1	13	56	8	775	71
MA0139.1	14	104	733	5	67
MA0139.1	15	372	13	507	17
MA0139.1	16	82	482	307	37
MA0139.1	17	117	322	73	396
MA0139.1	18	402	181	266	59
MA0142.1	0	63	846	66	389
MA0142.1	1	579	58	28	701
MA0142.1	2	11	50	36	1270
MA0142.1	3	47	12	79	1231
MA0142.1	4	118	363	825	63
MA0142.1	5	415	18	29	907
MA0142.1	6	206	365	186	612
MA0142.1	7	1235	30	24	80
MA0142.1	8	17	5	15	1332
MA0142.1	9	10	16	1239	104
MA0142.1	10	14	1029	129	196
MA0142.1	11	1050	16	30	269
MA0142.1	12	887	68	315	92
MA0142.1	13	1200	33	75	53
MA0142.1	14	198	119	207	837
MA0149.1	0	1	1	105	1
MA0149.1	1	2	1	103	1
MA0149.1	2	104	1	1	1
MA0149.1	3	104	1	1	1
MA0149.1	4	1	1	104	1
MA0149.1	5	2	1	102	1
MA0149.1	6	103	1	2	1
MA0149.1	7	102	1	3	1
MA0149.1	8	1	1	104	1
MA0149.1	9	1	2	103	1
MA0149.1	10	99	4	2	1
MA0149.1	11	105	1	1	1
MA0149.1	12	1	1	105	1
MA0149.1	13	1	2	103	1
MA0149.1	14	100	3	1	2
MA0149.1	15	102	1	2	1
MA0149.1	16	5	1	97	3
MA0149.1	17	3	3	97	2
MA0062.2	0	32	768	188	1
MA0062.2	1	70	914	4	1
MA0062.2	2	1	1	990	1
MA0062.2	3	1	1	991	1
MA0062.2	4	991	1	1	1
MA0062.2	5	989	2	1	2
MA0062.2	6	94	32	866	1
MA0062.2	7	56	261	37	637
MA0062.2	8	154	137	603	96
MA0062.2	9	264	262	415	49
MA0062.2	10	233	357	224	176
MA0039.2	0	1468	81	1022	1765
MA0039.2	1	88	9	4237	6
MA0039.2	2	14	13	4304	13
MA0039.2	3	14	36	4281	16
MA0039.2	4	277	1922	11	2139
MA0039.2	5	22	15	4273	34
MA0039.2	6	42	80	2179	2042
MA0039.2	7	264	46	3902	125
MA0039.2	8	123	130	3789	289
MA0039.2	9	254	2858	280	932
MA0138.2	0	211	174	366	840
MA0138.2	1	58	269	146	1124
MA0138.2	2	76	1366	50	105
MA0138.2	3	1452	30	94	26
MA0138.2	4	34	44	1516	10
MA0138.2	5	122	978	323	182
MA0138.2	6	1575	7	12	12
MA0138.2	7	3	1586	12	5
MA0138.2	8	35	1481	20	70
MA0138.2	9	913	201	162	329
MA0138.2	10	219	375	124	886
MA0138.2	11	39	7	1551	7
MA0138.2	12	20	5	1577	2
MA0138.2	13	1406	112	34	51
MA0138.2	14	13	1280	233	74
MA0138.2	15	1574	9	7	10
MA0138.2	16	42	13	1530	9
MA0138.2	17	205	1007	183	198
MA0138.2	18	366	31	688	507
MA0138.2	19	213	933	319	125
MA0138.2	20	179	1114	37	260
MA0002.2	0	287	496	696	521
MA0002.2	1	234	485	467	814
MA0002.2	2	123	1072	149	656
MA0002.2	3	57	1	7	1936
MA0002.2	4	1	75	1872	53
MA0002.2	5	87	127	70	1716
MA0002.2	6	1	1	1987	13
MA0002.2	7	17	42	1848	93
MA0002.2	8	10	400	251	1339
MA0002.2	9	131	463	81	1325
MA0002.2	10	500	158	289	1053
MA0047.2	0	1	1	1	805
MA0047.2	1	221	3	582	3
MA0047.2	2	1	1	1	806
MA0047.2	3	1	3	36	769
MA0047.2	4	1	1	175	634
MA0047.2	5	736	4	67	3
MA0047.2	6	2	725	2	81
MA0047.2	7	338	77	3	391
MA0047.2	8	50	265	58	436
MA0047.2	9	417	6	24	360
MA0047.2	10	131	53	482	140
MA0047.2	11	129	195	290	189
MA0112.2	0	122	120	154	71
MA0112.2	1	107	80	164	117
MA0112.2	2	64	173	149	82
MA0112.2	3	83	229	65	93
MA0112.2	4	134	232	47	57
MA0112.2	5	308	28	89	48
MA0112.2	6	36	8	387	43
MA0112.2	7	19	18	420	18
MA0112.2	8	33	41	91	310
MA0112.2	9	4	394	53	24
MA0112.2	10	398	13	27	37
MA0112.2	11	58	250	107	60
MA0112.2	12	63	276	53	83
MA0112.2	13	64	258	97	56
MA0112.2	14	32	19	8	416
MA0112.2	15	21	22	426	6
MA0112.2	16	305	106	31	33
MA0112.2	17	10	436	12	17
MA0112.2	18	59	353	2	61
MA0112.2	19	26	165	22	262
MA0065.2	0	94	317	320	126
MA0065.2	1	101	166	127	464
MA0065.2	2	390	23	368	79
MA0065.2	3	100	3	671	87
MA0065.2	4	139	15	674	34
MA0065.2	5	145	129	395	193
MA0065.2	6	71	547	179	66
MA0065.2	7	819	21	15	8
MA0065.2	8	522	48	270	23
MA0065.2	9	713	5	137	9
MA0065.2	10	82	2	767	12
MA0065.2	11	41	9	693	120
MA0065.2	12	22	99	263	479
MA0065.2	13	54	555	144	109
MA0065.2	14	676	58	47	81
MA0151.1	0	27	1	1	1
MA0151.1	1	1	1	1	27
MA0151.1	2	1	9	1	17
MA0151.1	3	27	1	1	1
MA0151.1	4	27	1	1	1
MA0151.1	5	20	1	1	6
MA0152.1	0	3	1	2	20
MA0152.1	1	1	2	2	21
MA0152.1	2	1	1	1	24
MA0152.1	3	1	1	1	26
MA0152.1	4	1	25	1	1
MA0152.1	5	1	26	1	1
MA0152.1	6	18	3	1	4
MA0153.1	0	1	3	1	6
MA0153.1	1	1	3	1	6
MA0153.1	2	8	1	1	1
MA0153.1	3	7	1	1	1
MA0153.1	4	1	1	1	9
MA0153.1	5	5	1	4	1
MA0153.1	6	3	1	1	5
MA0153.1	7	1	1	1	8
MA0153.1	8	1	1	1	9
MA0153.1	9	8	1	1	1
MA0153.1	10	9	1	1	1
MA0153.1	11	1	8	1	1
MA0155.1	0	1	1	4	19
MA0155.1	1	1	1	20	4
MA0155.1	2	1	8	3	13
MA0155.1	3	6	15	1	3
MA0155.1	4	16	1	1	8
MA0155.1	5	1	1	24	1
MA0155.1	6	1	1	23	1
MA0155.1	7	1	1	24	1
MA0155.1	8	1	1	24	1
MA0155.1	9	1	2	16	6
MA0155.1	10	3	16	1	5
MA0155.1	11	10	1	12	2
MA0156.1	0	2	9	1	1
MA0156.1	1	9	3	1	1
MA0156.1	2	1	1	13	1
MA0156.1	3	1	1	13	1
MA0156.1	4	13	1	1	1
MA0156.1	5	12	1	1	1
MA0156.1	6	7	1	6	1
MA0156.1	7	1	1	1	13
MA0157.1	0	1	1	5	8
MA0157.1	1	1	2	10	1
MA0157.1	2	3	1	1	9
MA0157.1	3	13	1	1	1
MA0157.1	4	12	1	1	1
MA0157.1	5	13	1	1	1
MA0157.1	6	1	12	1	1
MA0157.1	7	12	1	1	1
MA0158.1	0	2	13	1	1
MA0158.1	1	7	1	5	4
MA0158.1	2	1	7	5	4
MA0158.1	3	6	1	1	9
MA0158.1	4	14	1	1	2
MA0158.1	5	14	1	2	1
MA0158.1	6	1	1	1	16
MA0158.1	7	1	1	6	9
MA0159.1	0	12	1	11	1
MA0159.1	1	1	1	23	1
MA0159.1	2	1	1	13	9
MA0159.1	3	1	1	1	22
MA0159.1	4	1	18	3	2
MA0159.1	5	22	1	1	1
MA0159.1	6	4	7	5	7
MA0159.1	7	5	8	9	1
MA0159.1	8	5	4	11	3
MA0159.1	9	13	1	7	2
MA0159.1	10	5	6	12	1
MA0159.1	11	17	3	3	1
MA0159.1	12	1	1	20	1
MA0159.1	13	1	1	16	6
MA0159.1	14	2	1	3	17
MA0159.1	15	1	17	3	2
MA0159.1	16	21	1	1	1
MA0160.1	0	8	1	3	1
MA0160.1	1	13	1	1	1
MA0160.1	2	1	1	13	1
MA0160.1	3	3	1	11	1
MA0160.1	4	2	2	1	10
MA0160.1	5	1	13	1	1
MA0160.1	6	14	1	1	1
MA0160.1	7	3	8	2	1
MA0161.1	0	358	1832	176	4546
MA0161.1	1	81	67	300	6464
MA0161.1	2	81	67	6713	51
MA0161.1	3	91	88	6643	90
MA0161.1	4	1226	5364	160	162
MA0161.1	5	3298	981	1186	1447
MA0163.1	0	1	1	18	1
MA0163.1	1	3	1	14	1
MA0163.1	2	1	1	18	1
MA0163.1	3	1	1	17	1
MA0163.1	4	1	14	4	1
MA0163.1	5	1	15	1	2
MA0163.1	6	4	10	1	3
MA0163.1	7	12	1	1	6
MA0163.1	8	11	5	2	1
MA0163.1	9	2	1	14	2
MA0163.1	10	1	1	18	1
MA0163.1	11	1	1	18	1
MA0163.1	12	1	1	16	2
MA0163.1	13	2	1	16	1
MA0164.1	0	4	12	2	5
MA0164.1	1	23	1	1	1
MA0164.1	2	23	1	1	1
MA0164.1	3	1	1	22	1
MA0164.1	4	1	23	1	1
MA0164.1	5	1	1	1	23
MA0164.1	6	1	1	1	23
MA0018.2	0	1	1	1	9
MA0018.2	1	1	1	10	1
MA0018.2	2	11	1	1	1
MA0018.2	3	1	9	2	1
MA0018.2	4	1	1	10	1
MA0018.2	5	1	3	1	8
MA0018.2	6	2	7	1	1
MA0018.2	7	8	1	1	2
MA0099.2	0	1	1	1	17
MA0099.2	1	1	1	15	3
MA0099.2	2	16	2	1	1
MA0099.2	3	5	12	1	1
MA0099.2	4	3	1	1	14
MA0099.2	5	1	15	3	1
MA0099.2	6	16	1	1	1
MA0259.1	0	27	28	49	1
MA0259.1	1	10	29	34	31
MA0259.1	2	78	2	23	1
MA0259.1	3	1	103	1	1
MA0259.1	4	1	1	104	1
MA0259.1	5	1	1	1	104
MA0259.1	6	1	1	104	1
MA0259.1	7	18	51	20	15
MA0442.1	0	1	19	1	3
MA0442.1	1	8	2	2	10
MA0442.1	2	1	1	4	17
MA0442.1	3	1	1	1	22
MA0442.1	4	1	3	19	1
MA0442.1	5	1	1	1	21
MA0141.2	0	1055	801	984	773
MA0141.2	1	673	832	1352	767
MA0141.2	2	403	1212	1212	807
MA0141.2	3	260	1230	449	1702
MA0141.2	4	312	2653	630	51
MA0141.2	5	3347	32	248	27
MA0141.2	6	3590	2	60	6
MA0141.2	7	33	2	3597	29
MA0141.2	8	12	11	3622	16
MA0141.2	9	180	43	243	3192
MA0141.2	10	9	3394	167	85
MA0141.2	11	3478	21	128	26
MA0145.2	0	8	3768	255	40
MA0145.2	1	285	3304	22	465
MA0145.2	2	2437	21	1117	507
MA0145.2	3	24	98	3949	12
MA0145.2	4	710	1380	103	1890
MA0145.2	5	402	1183	253	2246
MA0145.2	6	707	1630	616	1134
MA0145.2	7	1462	922	1026	681
MA0145.2	8	2585	286	780	441
MA0145.2	9	1612	212	1263	1003
MA0145.2	10	16	3811	223	34
MA0145.2	11	253	3324	12	491
MA0145.2	12	2199	30	1232	612
MA0145.2	13	49	118	3881	17
MA0146.2	0	50	178	179	70
MA0146.2	1	59	170	173	75
MA0146.2	2	91	151	199	37
MA0146.2	3	72	49	297	61
MA0146.2	4	10	297	144	30
MA0146.2	5	6	361	2	112
MA0146.2	6	30	124	183	144
MA0146.2	7	191	153	122	15
MA0146.2	8	8	2	470	1
MA0146.2	9	1	3	477	1
MA0146.2	10	1	481	1	1
MA0146.2	11	1	480	1	1
MA0146.2	12	1	1	1	480
MA0146.2	13	84	122	218	56
MA0461.1	0	1	7714	1	1
MA0461.1	1	7714	1	1	1
MA0461.1	2	1	1	7714	1
MA0461.1	3	4249	3465	1	1
MA0461.1	4	1557	1	1	6157
MA0461.1	5	1	1	7714	1
MA0461.1	6	1	1	7714	1
MA0461.1	7	1	4780	1	2934
MA0462.1	0	3082	481	5136	1823
MA0462.1	1	4782	553	2889	2298
MA0462.1	2	4519	170	2219	3614
MA0462.1	3	8258	1478	1	786
MA0462.1	4	1	1	1	10522
MA0462.1	5	1	1	10374	148
MA0462.1	6	10522	1	1	1
MA0462.1	7	586	5026	4910	1
MA0462.1	8	1	1	1	10522
MA0462.1	9	1291	8590	641	1
MA0462.1	10	10264	1	1	258
MA0463.1	0	191	171	245	349
MA0463.1	1	35	22	28	871
MA0463.1	2	5	80	30	841
MA0463.1	3	30	876	24	26
MA0463.1	4	1	819	1	137
MA0463.1	5	1	1	1	956
MA0463.1	6	446	86	404	20
MA0463.1	7	142	1	814	1
MA0463.1	8	941	1	11	4
MA0463.1	9	642	101	175	38
MA0463.1	10	615	7	213	121
MA0463.1	11	101	92	630	133
MA0463.1	12	189	494	116	157
MA0463.1	13	369	188	166	233
MA0464.1	0	1626	6868	6311	999
MA0464.1	1	4869	524	3146	7265
MA0464.1	2	1	15804	1	1
MA0464.1	3	15804	1	1	1
MA0464.1	4	1	14493	1	1311
MA0464.1	5	2875	1107	11822	1
MA0464.1	6	1	1	1	15804
MA0464.1	7	1	1	15804	1
MA0464.1	8	3859	11919	26	1
MA0464.1	9	6629	4255	345	4575
MA0464.1	10	2028	6293	3681	3802
MA0465.1	0	613	319	480	185
MA0465.1	1	665	8	502	422
MA0465.1	2	308	136	1153	1
MA0465.1	3	1	1048	1	549
MA0465.1	4	697	832	1	68
MA0465.1	5	1597	1	1	1
MA0465.1	6	1	1	1	1597
MA0465.1	7	1597	1	1	1
MA0465.1	8	1597	1	1	1
MA0465.1	9	1597	1	1	1
MA0465.1	10	1013	150	313	121
MA0466.1	0	13006	10026	33617	42845
MA0466.1	1	75198	5868	18428	1
MA0466.1	2	1	1	1	99494
MA0466.1	3	1	1	1	99494
MA0466.1	4	4556	1	75531	19407
MA0466.1	5	1	99494	1	1
MA0466.1	6	74715	5478	10015	9286
MA0466.1	7	8654	51954	1	38886
MA0466.1	8	60151	39343	1	1
MA0466.1	9	99494	1	1	1
MA0466.1	10	1	36038	2043	61413
MA0467.1	0	1207	297	458	135
MA0467.1	1	1454	43	417	183
MA0467.1	2	347	55	1470	225
MA0467.1	3	943	222	823	109
MA0467.1	4	515	1	1574	8
MA0467.1	5	1	1	2097	1
MA0467.1	6	1632	465	1	1
MA0467.1	7	1	1	1	2097
MA0467.1	8	1	29	1	2068
MA0467.1	9	1995	1	1	102
MA0467.1	10	544	52	1326	175
MA0468.1	0	7297	2495	979	27446
MA0468.1	1	37001	1	1216	1
MA0468.1	2	38217	1	1	1
MA0468.1	3	5228	11675	2002	19312
MA0468.1	4	1	16478	4981	16758
MA0468.1	5	1	13951	6127	18139
MA0468.1	6	35278	2889	1	50
MA0468.1	7	38217	1	1	1
MA0468.1	8	1	1	1	38217
MA0468.1	9	1	37408	1	809
MA0468.1	10	33798	1	1	4419
MA0469.1	0	1	1400	1	1149
MA0469.1	1	1	1	1	2549
MA0469.1	2	1	2549	1	1
MA0469.1	3	1	2469	80	1
MA0469.1	4	1	2549	1	1
MA0469.1	5	1	1	2240	309
MA0469.1	6	1	2549	1	1
MA0469.1	7	1	1703	607	239
MA0469.1	8	365	1327	397	460
MA0469.1	9	275	903	742	629
MA0469.1	10	196	1495	556	302
MA0469.1	11	811	329	512	274
MA0469.1	12	109	1075	582	160
MA0469.1	13	441	640	200	645
MA0469.1	14	305	718	644	259
MA0470.1	0	272	370	848	388
MA0470.1	1	155	510	1213	1
MA0470.1	2	1	11	1867	1
MA0470.1	3	1	1878	1	1
MA0470.1	4	1	1	1878	1
MA0470.1	5	27	218	1633	1
MA0470.1	6	15	41	1822	1
MA0470.1	7	1803	1	75	1
MA0470.1	8	1253	1	625	1
MA0470.1	9	712	349	720	97
MA0470.1	10	503	393	616	366
MA0471.1	0	812	80	1406	459
MA0471.1	1	442	406	1909	1
MA0471.1	2	1	1	2757	1
MA0471.1	3	672	1954	1	131
MA0471.1	4	7	1	2750	1
MA0471.1	5	1	1	2757	1
MA0471.1	6	20	29	2708	1
MA0471.1	7	2757	1	1	1
MA0471.1	8	1686	1	1071	1
MA0471.1	9	988	454	1135	180
MA0471.1	10	771	706	909	371
MA0472.1	0	169	572	291	214
MA0472.1	1	337	460	180	269
MA0472.1	2	168	572	216	290
MA0472.1	3	387	722	65	72
MA0472.1	4	26	1186	1	34
MA0472.1	5	448	1	602	196
MA0472.1	6	1	1246	1	1
MA0472.1	7	152	1094	1	1
MA0472.1	8	1	1169	1	77
MA0472.1	9	1059	187	1	1
MA0472.1	10	1	1246	1	1
MA0472.1	11	460	1	579	207
MA0472.1	12	1	1041	114	91
MA0472.1	13	558	302	199	187
MA0472.1	14	127	617	251	251
MA0473.1	0	4134	2167	5587	1630
MA0473.1	1	6990	1502	3563	1463
MA0473.1	2	7978	1207	2318	2015
MA0473.1	3	4086	4589	3111	1732
MA0473.1	4	924	10007	2587	1
MA0473.1	5	8929	4589	1	1
MA0473.1	6	1	1	13518	1
MA0473.1	7	1	1	13518	1
MA0473.1	8	13518	1	1	1
MA0473.1	9	13518	1	1	1
MA0473.1	10	1183	1	12335	1
MA0473.1	11	1571	2094	179	9674
MA0473.1	12	2634	1735	8125	1024
MA0474.1	0	9430	231	5874	1192
MA0474.1	1	1473	10483	4736	35
MA0474.1	2	16007	693	27	1
MA0474.1	3	1	1	16727	1
MA0474.1	4	1	1	16727	1
MA0474.1	5	16727	1	1	1
MA0474.1	6	16580	1	1	147
MA0474.1	7	3244	1	13483	1
MA0474.1	8	1570	4038	2146	8973
MA0474.1	9	4953	1498	8204	2072
MA0474.1	10	4558	2474	8042	1653
MA0475.1	0	1830	205	1432	200
MA0475.1	1	295	2815	557	1
MA0475.1	2	2712	955	1	1
MA0475.1	3	1	1	3667	1
MA0475.1	4	1	1	3667	1
MA0475.1	5	3667	1	1	1
MA0475.1	6	3520	1	1	147
MA0475.1	7	620	1	3047	1
MA0475.1	8	95	1001	300	2271
MA0475.1	9	850	300	2130	387
MA0475.1	10	1014	462	1875	316
MA0476.1	0	7879	712	9686	11119
MA0476.1	1	7475	10177	10841	903
MA0476.1	2	1	1	1	29396
MA0476.1	3	1	1	27108	2288
MA0476.1	4	29396	1	1	1
MA0476.1	5	998	14079	11206	3113
MA0476.1	6	1	1	1	29396
MA0476.1	7	1	29396	1	1
MA0476.1	8	29396	1	1	1
MA0476.1	9	258	5823	1538	21777
MA0476.1	10	4006	8236	7897	9257
MA0477.1	0	1791	119	2384	978
MA0477.1	1	1568	437	3109	158
MA0477.1	2	1	1	1	5272
MA0477.1	3	1	1	5272	1
MA0477.1	4	5272	1	1	1
MA0477.1	5	124	3120	2028	1
MA0477.1	6	1	1	1	5272
MA0477.1	7	177	5095	1	1
MA0477.1	8	5272	1	1	1
MA0477.1	9	37	811	1734	2690
MA0477.1	10	1184	1684	1875	529
MA0478.1	0	833	994	2086	1405
MA0478.1	1	1525	592	2707	494
MA0478.1	2	2861	55	2328	74
MA0478.1	3	1	1	1	5318
MA0478.1	4	1	1	5318	1
MA0478.1	5	5075	51	192	1
MA0478.1	6	1	3286	1838	194
MA0478.1	7	1	1	1	5318
MA0478.1	8	205	5113	1	1
MA0478.1	9	5318	1	1	1
MA0478.1	10	1	1399	1933	1986
MA0479.1	0	939	2840	1490	2942
MA0479.1	1	1578	2333	2137	2163
MA0479.1	2	973	3261	3156	821
MA0479.1	3	8211	1	1	1
MA0479.1	4	7547	1	229	435
MA0479.1	5	1	1	1	8211
MA0479.1	6	2374	5773	1	64
MA0479.1	7	1414	6797	1	1
MA0479.1	8	8211	1	1	1
MA0479.1	9	1	8211	1	1
MA0479.1	10	7138	1	1	1073
MA0480.1	0	468	277	478	1267
MA0480.1	1	127	1279	752	332
MA0480.1	2	87	1406	209	788
MA0480.1	3	1	1	1	2490
MA0480.1	4	1	1	2490	1
MA0480.1	5	1	1	1	2490
MA0480.1	6	1	1	1	2490
MA0480.1	7	1	1	287	2203
MA0480.1	8	1871	157	1	462
MA0480.1	9	1	2007	1	483
MA0480.1	10	1072	573	71	774
MA0481.1	0	103	108	48	52
MA0481.1	1	131	57	55	68
MA0481.1	2	155	39	40	77
MA0481.1	3	180	42	53	36
MA0481.1	4	138	6	88	79
MA0481.1	5	79	11	221	1
MA0481.1	6	71	4	1	236
MA0481.1	7	311	1	1	1
MA0481.1	8	311	1	1	1
MA0481.1	9	311	1	1	1
MA0481.1	10	16	278	10	7
MA0481.1	11	311	1	1	1
MA0481.1	12	176	77	57	1
MA0481.1	13	243	18	23	27
MA0481.1	14	102	42	129	38
MA0482.1	0	10	1039	374	1323
MA0482.1	1	1	2165	306	275
MA0482.1	2	1	89	1	2657
MA0482.1	3	1	1	1	2746
MA0482.1	4	2707	39	1	1
MA0482.1	5	1	1	1	2746
MA0482.1	6	1	2746	1	1
MA0482.1	7	547	1	1	2199
MA0482.1	8	1	1240	940	566
MA0482.1	9	601	1004	157	984
MA0482.1	10	386	929	682	749
MA0483.1	0	1124	438	104	95
MA0483.1	1	1761	1	1	1
MA0483.1	2	1759	1	2	1
MA0483.1	3	1	338	28	1395
MA0483.1	4	1	1761	1	1
MA0483.1	5	1033	21	1	707
MA0483.1	6	61	1312	388	1
MA0483.1	7	1116	1	1	644
MA0483.1	8	57	1	1676	27
MA0483.1	9	142	1328	76	215
MA0483.1	10	740	433	130	458
MA0484.1	0	3514	1864	2011	2063
MA0484.1	1	3259	1531	3830	832
MA0484.1	2	4696	102	3811	843
MA0484.1	3	1103	201	7480	668
MA0484.1	4	1944	713	3301	3494
MA0484.1	5	1511	2870	2279	2792
MA0484.1	6	1	8827	221	404
MA0484.1	7	9343	55	54	1
MA0484.1	8	7889	82	1481	1
MA0484.1	9	8464	1	938	50
MA0484.1	10	99	6	9098	249
MA0484.1	11	324	143	3624	5361
MA0484.1	12	225	4338	1107	3782
MA0484.1	13	159	8377	85	831
MA0484.1	14	6785	794	556	1317
MA0485.1	0	235	110	401	139
MA0485.1	1	112	171	536	66
MA0485.1	2	88	605	40	152
MA0485.1	3	224	468	1	192
MA0485.1	4	661	3	205	16
MA0485.1	5	1	9	1	876
MA0485.1	6	745	84	35	21
MA0485.1	7	881	1	1	4
MA0485.1	8	879	6	1	1
MA0485.1	9	18	1	1	867
MA0485.1	10	48	715	5	117
MA0485.1	11	567	72	6	240
MA0485.1	12	141	329	160	255
MA0486.1	0	25	82	56	62
MA0486.1	1	8	26	12	179
MA0486.1	2	3	11	8	203
MA0486.1	3	1	222	2	1
MA0486.1	4	4	71	6	144
MA0486.1	5	128	7	89	1
MA0486.1	6	1	1	225	1
MA0486.1	7	187	24	3	11
MA0486.1	8	186	6	15	18
MA0486.1	9	44	63	73	45
MA0486.1	10	39	62	67	57
MA0486.1	11	13	16	9	187
MA0486.1	12	8	5	4	208
MA0486.1	13	1	218	2	5
MA0486.1	14	6	88	18	113
MA0488.1	0	8141	2792	4894	5141
MA0488.1	1	7116	2938	4985	5929
MA0488.1	2	6496	1903	9682	2887
MA0488.1	3	16526	729	3713	1
MA0488.1	4	1	1	1	20968
MA0488.1	5	1	1	20849	119
MA0488.1	6	20967	1	1	1
MA0488.1	7	1	3438	4512	13018
MA0488.1	8	1	608	20360	1
MA0488.1	9	938	3531	1	16499
MA0488.1	10	6904	14064	1	1
MA0488.1	11	20968	1	1	1
MA0488.1	12	203	3704	1016	16045
MA0489.1	0	4852	1250	2818	2036
MA0489.1	1	3927	1324	4110	1595
MA0489.1	2	3726	1127	4330	1773
MA0489.1	3	4396	1122	3461	1977
MA0489.1	4	4146	593	4213	2004
MA0489.1	5	5930	993	4033	1
MA0489.1	6	1	1	1	10956
MA0489.1	7	1	1	10956	1
MA0489.1	8	10953	1	1	3
MA0489.1	9	382	5704	4090	780
MA0489.1	10	199	1	1	10757
MA0489.1	11	956	10000	1	1
MA0489.1	12	10956	1	1	1
MA0489.1	13	376	2509	2645	5426
MA0490.1	0	3605	3366	5983	4038
MA0490.1	1	5055	1057	8427	2453
MA0490.1	2	8384	582	8026	1
MA0490.1	3	1	1	1	16992
MA0490.1	4	1	1	16992	1
MA0490.1	5	16992	1	1	1
MA0490.1	6	1	9859	6281	852
MA0490.1	7	1	1	1	16992
MA0490.1	8	1256	15736	1	1
MA0490.1	9	16992	1	1	1
MA0490.1	10	736	2962	6117	7177
MA0491.1	0	12389	759	13640	11922
MA0491.1	1	15163	4824	18723	1
MA0491.1	2	1	1	1	38710
MA0491.1	3	1	1	38710	1
MA0491.1	4	38710	1	1	1
MA0491.1	5	1	22857	14078	1775
MA0491.1	6	1	1	1	38710
MA0491.1	7	1547	37163	1	1
MA0491.1	8	38710	1	1	1
MA0491.1	9	1	5136	2301	31273
MA0491.1	10	5786	14956	12429	5539
MA0492.1	0	11448	4326	7996	9861
MA0492.1	1	13436	3228	8721	8246
MA0492.1	2	11261	4836	8110	9424
MA0492.1	3	13616	2452	15761	1802
MA0492.1	4	25347	169	8115	1
MA0492.1	5	1	1	1	33631
MA0492.1	6	1	1	33511	120
MA0492.1	7	33631	1	1	1
MA0492.1	8	1	10406	8287	14938
MA0492.1	9	5124	1824	26683	1
MA0492.1	10	1	3935	1	29696
MA0492.1	11	8793	24697	141	1
MA0492.1	12	33631	1	1	1
MA0492.1	13	267	5470	2407	25487
MA0492.1	14	10255	10841	6351	6184
MA0493.1	0	150	76	202	98
MA0493.1	1	167	40	305	14
MA0493.1	2	67	396	32	31
MA0493.1	3	13	461	1	52
MA0493.1	4	404	118	1	4
MA0493.1	5	1	526	1	1
MA0493.1	6	400	1	97	29
MA0493.1	7	1	526	1	1
MA0493.1	8	1	526	1	1
MA0493.1	9	1	508	1	18
MA0493.1	10	280	35	1	211
MA0494.1	0	1	50	28	1191
MA0494.1	1	140	30	1089	10
MA0494.1	2	738	243	137	151
MA0494.1	3	246	971	1	52
MA0494.1	4	58	1080	3	128
MA0494.1	5	78	313	128	750
MA0494.1	6	358	318	343	250
MA0494.1	7	374	257	336	302
MA0494.1	8	794	1	321	154
MA0494.1	9	278	19	903	69
MA0494.1	10	77	1	4	1188
MA0494.1	11	559	77	440	193
MA0494.1	12	900	177	192	1
MA0494.1	13	255	962	20	32
MA0494.1	14	117	1040	1	112
MA0494.1	15	11	502	42	714
MA0494.1	16	135	508	196	430
MA0494.1	17	281	196	333	459
MA0494.1	18	237	290	439	303
MA0495.1	0	6531	12389	26849	7989
MA0495.1	1	13157	29577	2157	8867
MA0495.1	2	12632	10615	2570	27941
MA0495.1	3	14736	6027	21695	11300
MA0495.1	4	32728	4789	5877	10364
MA0495.1	5	8513	16391	25722	3132
MA0495.1	6	998	322	313	52125
MA0495.1	7	3238	50520	1	1
MA0495.1	8	53327	1	1	431
MA0495.1	9	387	1	47337	6034
MA0495.1	10	1	53701	1	57
MA0495.1	11	48740	381	746	3891
MA0495.1	12	20032	7624	9364	16738
MA0495.1	13	21358	3349	2603	26448
MA0495.1	14	18219	4014	1898	29627
MA0495.1	15	14137	7157	3512	28952
MA0495.1	16	10417	11010	8426	23905
MA0495.1	17	12741	10791	9498	20728
MA0496.1	0	17128	29664	4539	9459
MA0496.1	1	15239	13278	3886	28387
MA0496.1	2	17367	9271	21340	12812
MA0496.1	3	34765	4862	8031	13132
MA0496.1	4	10333	17432	29271	3754
MA0496.1	5	1	261	1	60529
MA0496.1	6	2669	58121	1	1
MA0496.1	7	60790	1	1	1
MA0496.1	8	1	1	55539	5251
MA0496.1	9	1	60742	48	1
MA0496.1	10	57894	430	1	2466
MA0496.1	11	23471	9775	9853	17691
MA0496.1	12	27164	3962	1268	28396
MA0496.1	13	20865	5229	1575	33121
MA0496.1	14	17282	9289	2699	31520
MA0497.1	0	705	321	676	507
MA0497.1	1	733	151	573	752
MA0497.1	2	431	196	822	760
MA0497.1	3	382	1412	78	337
MA0497.1	4	1	985	1	1224
MA0497.1	5	1616	256	74	263
MA0497.1	6	1706	32	241	230
MA0497.1	7	2107	1	87	15
MA0497.1	8	2131	1	2	76
MA0497.1	9	2135	1	4	70
MA0497.1	10	56	62	1	2091
MA0497.1	11	2177	1	32	1
MA0497.1	12	389	120	1671	29
MA0497.1	13	975	836	148	250
MA0497.1	14	1009	450	126	624
MA0498.1	0	1341	122	499	645
MA0498.1	1	171	759	1414	263
MA0498.1	2	121	2411	3	72
MA0498.1	3	1	1	1	2607
MA0498.1	4	1	1	2607	1
MA0498.1	5	85	50	1	2472
MA0498.1	6	1	2607	1	1
MA0498.1	7	2458	1	1	149
MA0498.1	8	261	1115	1075	156
MA0498.1	9	334	537	263	1473
MA0498.1	10	175	1472	494	466
MA0498.1	11	1059	547	145	856
MA0498.1	12	515	802	696	594
MA0498.1	13	472	1007	536	592
MA0498.1	14	529	736	480	862
MA0499.1	0	6862	5589	5003	7060
MA0499.1	1	4142	6513	11000	2859
MA0499.1	2	1	24514	1	1
MA0499.1	3	24353	1	1	161
MA0499.1	4	1	6423	18072	19
MA0499.1	5	1	24514	1	1
MA0499.1	6	1	1	1	24514
MA0499.1	7	1	1	24514	1
MA0499.1	8	9	9087	654	14764
MA0499.1	9	16	11010	2905	10583
MA0499.1	10	5861	7591	5945	5117
MA0499.1	11	1913	11622	4319	6660
MA0499.1	12	4129	7657	4423	8305
MA0500.1	0	7838	2870	8648	1
MA0500.1	1	11572	331	7453	1
MA0500.1	2	1	19356	1	1
MA0500.1	3	19356	1	1	1
MA0500.1	4	1	1	19356	1
MA0500.1	5	67	16261	3028	1
MA0500.1	6	1	1	1	19356
MA0500.1	7	1	1	19356	1
MA0500.1	8	2832	8524	5881	2119
MA0500.1	9	5343	3764	5168	5081
MA0500.1	10	4069	4770	7519	2998
MA0501.1	0	726	26	334	4
MA0501.1	1	1	1	1	1090
MA0501.1	2	1	1	1082	8
MA0501.1	3	1090	1	1	1
MA0501.1	4	16	871	166	37
MA0501.1	5	110	1	12	967
MA0501.1	6	80	937	22	51
MA0501.1	7	978	1	51	61
MA0501.1	8	8	4	1041	37
MA0501.1	9	1	1063	22	5
MA0501.1	10	931	17	73	69
MA0501.1	11	383	203	283	221
MA0501.1	12	361	100	130	499
MA0501.1	13	292	102	91	605
MA0501.1	14	211	283	106	490
MA0502.1	0	2965	1580	1984	491
MA0502.1	1	2816	1759	1078	1367
MA0502.1	2	2821	1760	1176	1263
MA0502.1	3	655	2228	1089	3048
MA0502.1	4	674	2076	2707	1563
MA0502.1	5	2832	1091	2978	119
MA0502.1	6	3509	139	2921	451
MA0502.1	7	1	7020	1	1
MA0502.1	8	1	7020	1	1
MA0502.1	9	7020	1	1	1
MA0502.1	10	7003	1	17	1
MA0502.1	11	1	1	1	7020
MA0502.1	12	413	4780	1709	118
MA0502.1	13	5454	97	1457	12
MA0502.1	14	725	943	5136	216
MA0503.1	0	1790	327	821	491
MA0503.1	1	1282	192	1467	488
MA0503.1	2	344	1777	1292	16
MA0503.1	3	1	3429	1	1
MA0503.1	4	2467	6	1	956
MA0503.1	5	1	3429	1	1
MA0503.1	6	1	1	1	3429
MA0503.1	7	1	3391	1	38
MA0503.1	8	2858	431	1	140
MA0503.1	9	2265	3	825	336
MA0503.1	10	502	956	1795	176
MA0504.1	0	129	126	90	50
MA0504.1	1	82	70	221	22
MA0504.1	2	193	6	195	1
MA0504.1	3	1	8	366	21
MA0504.1	4	10	3	355	27
MA0504.1	5	3	1	79	313
MA0504.1	6	6	309	54	26
MA0504.1	7	343	1	48	4
MA0504.1	8	187	1	208	1
MA0504.1	9	324	1	71	1
MA0504.1	10	10	1	385	1
MA0504.1	11	11	1	336	48
MA0504.1	12	1	27	89	279
MA0504.1	13	9	315	35	36
MA0504.1	14	290	1	92	13
MA0505.1	0	645	224	634	199
MA0505.1	1	985	170	336	211
MA0505.1	2	276	198	990	238
MA0505.1	3	122	378	366	836
MA0505.1	4	71	351	23	1257
MA0505.1	5	8	1616	74	4
MA0505.1	6	1685	14	1	3
MA0505.1	7	1679	1	23	1
MA0505.1	8	39	1	1663	1
MA0505.1	9	1	1	1702	1
MA0505.1	10	169	584	61	888
MA0505.1	11	1	1568	12	122
MA0505.1	12	1437	20	90	155
MA0505.1	13	271	345	740	346
MA0505.1	14	249	693	454	306
MA0506.1	0	602	375	3647	1
MA0506.1	1	623	4001	1	1
MA0506.1	2	196	189	4239	1
MA0506.1	3	1	4016	468	140
MA0506.1	4	1514	1862	935	313
MA0506.1	5	1	403	528	3693
MA0506.1	6	1	1	4624	1
MA0506.1	7	1	4338	1	286
MA0506.1	8	1	349	4275	1
MA0506.1	9	74	4550	1	1
MA0506.1	10	2245	804	1575	1
MA0507.1	0	415	635	402	835
MA0507.1	1	530	266	593	898
MA0507.1	2	605	825	415	442
MA0507.1	3	2016	19	1	251
MA0507.1	4	1	1	1	2287
MA0507.1	5	256	2	1	2029
MA0507.1	6	1	1	1	2287
MA0507.1	7	158	1	1997	132
MA0507.1	8	1	2271	1	16
MA0507.1	9	2257	30	1	1
MA0507.1	10	1	2	1	2285
MA0507.1	11	1159	39	613	476
MA0507.1	12	594	361	107	1225
MA0508.1	0	1779	471	1037	1316
MA0508.1	1	1649	298	2331	325
MA0508.1	2	3148	345	688	422
MA0508.1	3	3486	439	442	236
MA0508.1	4	4173	1	430	1
MA0508.1	5	422	1	4038	143
MA0508.1	6	728	110	930	2835
MA0508.1	7	211	1	4392	1
MA0508.1	8	4603	1	1	1
MA0508.1	9	4161	1	430	12
MA0508.1	10	4497	1	39	67
MA0508.1	11	159	142	4186	116
MA0508.1	12	117	458	520	3508
MA0508.1	13	1057	498	2239	809
MA0508.1	14	2042	778	973	810
MA0509.1	0	290	157	1532	159
MA0509.1	1	58	222	377	1481
MA0509.1	2	145	833	131	1029
MA0509.1	3	421	433	762	522
MA0509.1	4	37	1748	96	257
MA0509.1	5	1	2048	1	90
MA0509.1	6	1254	402	73	409
MA0509.1	7	138	115	96	1789
MA0509.1	8	604	1	1534	1
MA0509.1	9	186	1	1952	1
MA0509.1	10	287	1710	12	129
MA0509.1	11	1793	1	244	101
MA0509.1	12	2082	1	56	1
MA0509.1	13	1	2138	1	1
MA0510.1	0	343	1572	561	1392
MA0510.1	1	595	796	862	1615
MA0510.1	2	6	1870	1283	709
MA0510.1	3	181	3687	1	1
MA0510.1	4	1189	2171	61	447
MA0510.1	5	1	832	1	3036
MA0510.1	6	1844	1	2023	1
MA0510.1	7	245	1	3514	109
MA0510.1	8	1	2815	408	645
MA0510.1	9	3057	497	314	1
MA0510.1	10	3692	176	1	1
MA0510.1	11	1	3868	1	1
MA0510.1	12	2084	782	1	1002
MA0510.1	13	956	361	2184	367
MA0510.1	14	871	1388	1239	370
MA0511.1	0	99	133	443	387
MA0511.1	1	165	119	444	334
MA0511.1	2	151	79	426	406
MA0511.1	3	121	172	477	292
MA0511.1	4	124	155	245	538
MA0511.1	5	75	392	133	462
MA0511.1	6	9	4	11	1038
MA0511.1	7	1	1	1030	31
MA0511.1	8	15	3	1	1044
MA0511.1	9	1	1	1062	1
MA0511.1	10	1	1	1060	2
MA0511.1	11	1	132	90	840
MA0511.1	12	42	190	158	672
MA0511.1	13	258	8	143	653
MA0511.1	14	126	126	462	348
MA0512.1	0	278	4521	305	244
MA0512.1	1	4154	418	9	767
MA0512.1	2	2623	252	2473	1
MA0512.1	3	4877	1	471	1
MA0512.1	4	1	1	5348	1
MA0512.1	5	1	1	3882	1466
MA0512.1	6	1	583	643	4122
MA0512.1	7	1	5348	1	1
MA0512.1	8	5348	1	1	1
MA0512.1	9	1150	1070	2336	792
MA0512.1	10	1640	742	1569	1397
MA0513.1	0	166	432	168	133
MA0513.1	1	196	75	34	594
MA0513.1	2	14	8	877	1
MA0513.1	3	33	45	103	718
MA0513.1	4	1	899	1	1
MA0513.1	5	1	1	1	899
MA0513.1	6	106	231	539	23
MA0513.1	7	211	125	280	283
MA0513.1	8	1	896	3	1
MA0513.1	9	765	19	18	97
MA0513.1	10	30	736	133	1
MA0513.1	11	117	583	47	152
MA0513.1	12	110	214	35	540
MA0514.1	0	1	1487	330	250
MA0514.1	1	1	1552	1	515
MA0514.1	2	262	1	1	1805
MA0514.1	3	1	1	1	2067
MA0514.1	4	1	1	1	2067
MA0514.1	5	1	144	1923	1
MA0514.1	6	1	1	1	2067
MA0514.1	7	1	698	254	1115
MA0514.1	8	19	853	22	1173
MA0514.1	9	42	654	382	989
MA0515.1	0	4	139	50	56
MA0515.1	1	1	221	1	28
MA0515.1	2	161	1	1	88
MA0515.1	3	1	1	1	249
MA0515.1	4	1	1	1	249
MA0515.1	5	1	1	249	1
MA0515.1	6	1	1	1	249
MA0515.1	7	1	115	5	129
MA0515.1	8	4	112	1	133
MA0515.1	9	14	76	31	128
MA0516.1	0	160	253	1028	245
MA0516.1	1	39	811	257	579
MA0516.1	2	52	1386	1	247
MA0516.1	3	1	1679	7	1
MA0516.1	4	1	1643	1	43
MA0516.1	5	174	1	1280	232
MA0516.1	6	1	1686	1	1
MA0516.1	7	1	1656	1	30
MA0516.1	8	1	1108	1	578
MA0516.1	9	206	1196	1	284
MA0516.1	10	115	971	99	501
MA0516.1	11	187	554	325	620
MA0516.1	12	226	717	401	342
MA0516.1	13	228	794	408	256
MA0516.1	14	203	745	422	316
MA0517.1	0	69	63	77	411
MA0517.1	1	150	230	84	156
MA0517.1	2	430	7	151	32
MA0517.1	3	3	148	467	2
MA0517.1	4	1	2	1	618
MA0517.1	5	3	2	1	615
MA0517.1	6	3	13	4	600
MA0517.1	7	1	581	1	39
MA0517.1	8	255	75	191	99
MA0517.1	9	107	111	161	241
MA0517.1	10	4	13	10	593
MA0517.1	11	10	2	1	608
MA0517.1	12	4	170	4	442
MA0517.1	13	15	489	9	107
MA0517.1	14	28	365	36	191
MA0518.1	0	211	1019	484	1159
MA0518.1	1	12	2	1	2859
MA0518.1	2	26	1	529	2318
MA0518.1	3	632	2229	12	1
MA0518.1	4	307	1491	72	1003
MA0518.1	5	1450	28	1223	172
MA0518.1	6	733	1	2134	6
MA0518.1	7	45	1	2828	1
MA0518.1	8	2873	1	1	1
MA0518.1	9	2873	1	1	1
MA0518.1	10	1573	279	833	188
MA0518.1	11	486	785	685	917
MA0518.1	12	632	721	1028	492
MA0518.1	13	889	443	1117	424
MA0519.1	0	6172	2326	4425	3584
MA0519.1	1	2073	3596	2901	7937
MA0519.1	2	1	1	1	16507
MA0519.1	3	1	1600	1	14907
MA0519.1	4	1	16341	1	166
MA0519.1	5	263	12795	1	3449
MA0519.1	6	7044	6137	1	3326
MA0519.1	7	11543	1	4140	824
MA0519.1	8	1	1	16507	1
MA0519.1	9	14888	93	1	1526
MA0519.1	10	14886	1	1621	1
MA0520.1	0	257	663	482	450
MA0520.1	1	665	328	372	487
MA0520.1	2	152	566	436	698
MA0520.1	3	1	1	1	1852
MA0520.1	4	13	1	1	1839
MA0520.1	5	122	1680	1	50
MA0520.1	6	70	1204	1	578
MA0520.1	7	664	21	219	948
MA0520.1	8	328	534	898	92
MA0520.1	9	1153	3	416	280
MA0520.1	10	26	1	1796	30
MA0520.1	11	1852	1	1	1
MA0520.1	12	1849	1	3	1
MA0520.1	13	621	540	398	293
MA0520.1	14	345	490	235	782
MA0521.1	0	6170	1585	5123	17
MA0521.1	1	8820	124	3951	1
MA0521.1	2	1	12895	1	1
MA0521.1	3	12895	1	1	1
MA0521.1	4	8	1	12887	1
MA0521.1	5	184	10822	1889	1
MA0521.1	6	1	1	1	12895
MA0521.1	7	1	1	12895	1
MA0521.1	8	1875	5527	3811	1682
MA0521.1	9	3912	2416	2925	3642
MA0521.1	10	2863	3005	4836	2191
MA0522.1	0	2717	8489	4689	1366
MA0522.1	1	8100	6433	1756	972
MA0522.1	2	1	17261	1	1
MA0522.1	3	17261	1	1	1
MA0522.1	4	1	4101	12403	757
MA0522.1	5	1	16850	411	1
MA0522.1	6	1	1	1	17261
MA0522.1	7	1	1	17261	1
MA0522.1	8	1	12529	3397	1335
MA0522.1	9	6957	4204	96	6004
MA0522.1	10	2351	4115	6625	4170
MA0523.1	0	1525	756	1140	767
MA0523.1	1	1808	840	1153	387
MA0523.1	2	3070	136	559	423
MA0523.1	3	85	1947	2008	148
MA0523.1	4	2795	26	1	1367
MA0523.1	5	138	1	1	4050
MA0523.1	6	155	3304	729	1
MA0523.1	7	4188	1	1	1
MA0523.1	8	4103	15	70	1
MA0523.1	9	4169	1	19	1
MA0523.1	10	303	37	3848	1
MA0523.1	11	1035	849	2008	296
MA0523.1	12	1398	1123	1210	457
MA0523.1	13	1782	826	757	823
MA0524.1	0	4801	6752	2123	4750
MA0524.1	1	6477	4693	3347	3909
MA0524.1	2	2550	4943	2643	8290
MA0524.1	3	4918	2009	6098	5401
MA0524.1	4	421	6040	11033	932
MA0524.1	5	1	18426	1	1
MA0524.1	6	1	14817	1	3609
MA0524.1	7	1	9317	1237	7872
MA0524.1	8	1082	14790	1768	786
MA0524.1	9	16442	1	1195	789
MA0524.1	10	191	1	18235	1
MA0524.1	11	1	1	18426	1
MA0524.1	12	285	7908	10222	11
MA0524.1	13	4343	9235	1788	3060
MA0524.1	14	8905	3259	2536	3726
MA0525.1	0	3613	1752	2372	1895
MA0525.1	1	2402	1337	3599	2294
MA0525.1	2	4027	544	3802	1259
MA0525.1	3	19	9153	102	358
MA0525.1	4	6536	1640	616	840
MA0525.1	5	2926	255	1263	5188
MA0525.1	6	82	1	9550	1
MA0525.1	7	896	4400	74	4262
MA0525.1	8	2058	4119	998	2457
MA0525.1	9	437	7000	1417	778
MA0525.1	10	5045	2050	208	2329
MA0525.1	11	2812	989	4555	1276
MA0525.1	12	4726	198	3530	1178
MA0525.1	13	1	9632	1	1
MA0525.1	14	5101	1856	66	2609
MA0525.1	15	953	817	695	7167
MA0525.1	16	225	1	9394	13
MA0525.1	17	528	5454	213	3437
MA0525.1	18	2379	4089	408	2756
MA0525.1	19	1446	3775	1621	2790
MA0526.1	0	3976	2073	7125	645
MA0526.1	1	1495	4490	1909	5925
MA0526.1	2	1	13819	1	1
MA0526.1	3	13819	1	1	1
MA0526.1	4	1	4863	1370	7586
MA0526.1	5	1	1	13819	1
MA0526.1	6	1	1	1	13819
MA0526.1	7	1	1	13819	1
MA0526.1	8	10453	745	2568	53
MA0526.1	9	1	9929	729	3161
MA0526.1	10	2184	6633	455	4547
MA0527.1	0	82	256	146	221
MA0527.1	1	6	66	32	601
MA0527.1	2	28	659	11	7
MA0527.1	3	10	89	5	601
MA0527.1	4	1	705	1	1
MA0527.1	5	35	1	667	3
MA0527.1	6	2	668	1	35
MA0527.1	7	1	1	705	1
MA0527.1	8	461	80	118	46
MA0527.1	9	8	57	450	190
MA0527.1	10	416	94	141	54
MA0527.1	11	85	232	136	252
MA0527.1	12	19	328	43	315
MA0527.1	13	79	145	109	372
MA0527.1	14	90	233	266	116
MA0528.1	0	2366	293	11078	1498
MA0528.1	1	4596	1	10639	1
MA0528.1	2	11118	1	2802	1315
MA0528.1	3	453	1	13819	963
MA0528.1	4	1011	1738	12444	42
MA0528.1	5	13919	551	43	722
MA0528.1	6	1569	844	11252	1570
MA0528.1	7	1552	1427	11451	805
MA0528.1	8	8113	968	5513	641
MA0528.1	9	5132	1543	7042	1518
MA0528.1	10	3096	1069	9471	1599
MA0528.1	11	6598	590	6730	1317
MA0528.1	12	4175	620	8903	1537
MA0528.1	13	4106	1618	9042	469
MA0528.1	14	7943	950	4780	1562
MA0528.1	15	3823	1	9659	1752
MA0528.1	16	3132	1	11444	659
MA0528.1	17	8305	1	5892	1038
MA0528.1	18	5226	219	8923	867
MA0528.1	19	4067	650	9819	699
MA0528.1	20	7264	907	6141	923
MA0007.2	0	6277	1112	3049	768
MA0007.2	1	6497	1	4709	1
MA0007.2	2	1	1	11206	1
MA0007.2	3	6462	1304	1254	2186
MA0007.2	4	11206	1	1	1
MA0007.2	5	26	11115	65	1
MA0007.2	6	10426	1	107	673
MA0007.2	7	1478	2976	4023	2729
MA0007.2	8	4353	2096	2151	2606
MA0007.2	9	3312	3249	3291	1354
MA0007.2	10	3241	142	305	7518
MA0007.2	11	1	525	10681	1
MA0007.2	12	2214	1262	671	7059
MA0007.2	13	2656	2434	2460	3656
MA0007.2	14	1599	7032	298	2277
MA0102.3	0	10351	1332	3635	1
MA0102.3	1	1	1	1	15318
MA0102.3	2	1	1	1	15318
MA0102.3	3	705	1	11304	3309
MA0102.3	4	1	15318	1	1
MA0102.3	5	11956	1274	1066	1022
MA0102.3	6	2660	7654	1	5004
MA0102.3	7	12226	3092	1	1
MA0102.3	8	15318	1	1	1
MA0102.3	9	1	5688	1804	7826
MA0102.3	10	5804	4963	890	3661
MA0024.2	0	259	317	280	203
MA0024.2	1	218	1	628	213
MA0024.2	2	144	274	641	1
MA0024.2	3	1	1	1059	1
MA0024.2	4	1	1059	1	1
MA0024.2	5	1	1	1059	1
MA0024.2	6	1	337	722	1
MA0024.2	7	1	286	773	1
MA0024.2	8	1059	1	1	1
MA0024.2	9	508	1	551	1
MA0024.2	10	305	269	485	1
MA0154.2	0	4513	7097	12581	9664
MA0154.2	1	1	10267	2643	20945
MA0154.2	2	1	33855	1	1
MA0154.2	3	886	22776	1	10193
MA0154.2	4	1	33781	1	74
MA0154.2	5	9191	22317	1	2347
MA0154.2	6	21366	1	1	12489
MA0154.2	7	1085	1	32770	1
MA0154.2	8	8427	1	25294	134
MA0154.2	9	1	1	33855	1
MA0154.2	10	22124	2891	7215	1625
MA0162.2	0	1098	5728	3083	2347
MA0162.2	1	1506	6847	1359	2544
MA0162.2	2	1160	6049	2250	2797
MA0162.2	3	1335	10431	1	490
MA0162.2	4	233	11574	1	449
MA0162.2	5	2911	1	6840	2505
MA0162.2	6	1	12256	1	1
MA0162.2	7	1	11852	1	404
MA0162.2	8	1	10154	611	1491
MA0162.2	9	3652	8361	1	243
MA0162.2	10	1	11952	1	304
MA0162.2	11	2368	1	6599	3289
MA0162.2	12	1	9849	1420	987
MA0162.2	13	3026	5595	1913	1722
MA0076.2	0	298	1458	886	785
MA0076.2	1	391	1905	570	561
MA0076.2	2	2034	145	1038	210
MA0076.2	3	1	2688	16	723
MA0076.2	4	8	1	1	3419
MA0076.2	5	1	1	1	3427
MA0076.2	6	1	3427	1	1
MA0076.2	7	1	3427	1	1
MA0076.2	8	1	1	2915	512
MA0076.2	9	1	501	2843	83
MA0076.2	10	290	1253	668	1216
MA0258.2	0	5410	96	2563	174
MA0258.2	1	429	1	7170	644
MA0258.2	2	59	1	8143	41
MA0258.2	3	74	147	989	7033
MA0258.2	4	1	7621	533	89
MA0258.2	5	8098	1	57	87
MA0258.2	6	502	4202	2738	801
MA0258.2	7	2092	3235	1688	1228
MA0258.2	8	1808	2510	2173	1752
MA0258.2	9	1602	975	533	5133
MA0258.2	10	1121	398	6658	66
MA0258.2	11	3278	2056	1391	1518
MA0258.2	12	434	6469	363	977
MA0258.2	13	1111	5854	1	1278
MA0258.2	14	834	2708	606	4095
MA0098.2	0	431	668	420	349
MA0098.2	1	145	1160	244	319
MA0098.2	2	263	993	187	425
MA0098.2	3	1179	117	451	121
MA0098.2	4	1	1507	4	357
MA0098.2	5	329	1	1	1539
MA0098.2	6	1	1	1	1868
MA0098.2	7	1	1868	1	1
MA0098.2	8	1	1868	1	1
MA0098.2	9	1	1	156	1712
MA0098.2	10	1	329	1422	117
MA0098.2	11	65	579	62	1162
MA0098.2	12	146	678	437	607
MA0098.2	13	306	542	309	711
MA0098.2	14	265	629	472	502
MA0148.3	0	4328	4827	4124	8729
MA0148.3	1	4659	6851	4731	5767
MA0148.3	2	3062	8558	5314	5074
MA0148.3	3	7135	4317	3641	6915
MA0148.3	4	70	1	12	21926
MA0148.3	5	5883	1	16125	1
MA0148.3	6	1	1	1	22008
MA0148.3	7	1	1	1292	20716
MA0148.3	8	1	1	2859	19149
MA0148.3	9	18252	1	3756	1
MA0148.3	10	1	20556	1	1452
MA0148.3	11	9193	2655	1	10160
MA0148.3	12	827	7296	1392	12493
MA0148.3	13	10702	1	63	11242
MA0148.3	14	4807	2603	9415	5183
MA0035.3	0	2035	4321	2530	9069
MA0035.3	1	506	6406	2792	8251
MA0035.3	2	1	14869	437	2649
MA0035.3	3	1	697	1	17258
MA0035.3	4	1	1	1	17955
MA0035.3	5	17955	1	1	1
MA0035.3	6	1	1	1	17955
MA0035.3	7	1	17955	1	1
MA0035.3	8	2166	1	1	15789
MA0035.3	9	2502	6166	6687	2600
MA0035.3	10	1886	5072	1598	9399
MA0036.2	0	1569	567	754	1490
MA0036.2	1	1125	768	1709	778
MA0036.2	2	1555	729	1220	876
MA0036.2	3	1051	525	427	2377
MA0036.2	4	32	1057	765	2526
MA0036.2	5	9	3015	914	442
MA0036.2	6	1	192	1	4188
MA0036.2	7	51	1	1	4329
MA0036.2	8	4380	1	1	1
MA0036.2	9	1	1	1	4380
MA0036.2	10	1	4380	1	1
MA0036.2	11	1225	1	1	3155
MA0036.2	12	104	1765	1967	544
MA0036.2	13	1256	1185	224	1715
MA0037.2	0	4628	1	1	1
MA0037.2	1	1	1	4628	1
MA0037.2	2	4628	1	1	1
MA0037.2	3	1	1	1	4628
MA0037.2	4	4628	1	1	1
MA0037.2	5	4628	1	1	1
MA0037.2	6	1290	1	3338	1
MA0037.2	7	2796	712	1120	1
MA0114.2	0	2766	5971	3974	4057
MA0114.2	1	1731	720	907	13410
MA0114.2	2	837	51	15810	70
MA0114.2	3	6075	1846	8370	477
MA0114.2	4	11026	4425	329	988
MA0114.2	5	117	16535	67	49
MA0114.2	6	26	1630	1	15112
MA0114.2	7	178	2637	367	13586
MA0114.2	8	1	173	407	16188
MA0114.2	9	864	35	15741	128
MA0114.2	10	5270	3745	5340	2413
MA0114.2	11	6119	5653	1662	3334
MA0114.2	12	1156	13491	352	1769
MA0114.2	13	1870	6498	415	7985
MA0114.2	14	2070	6450	3001	5247
MA0050.2	0	316	320	266	460
MA0050.2	1	251	284	251	576
MA0050.2	2	173	324	212	653
MA0050.2	3	138	430	148	646
MA0050.2	4	735	101	361	165
MA0050.2	5	24	792	506	40
MA0050.2	6	12	1	1	1350
MA0050.2	7	1	31	1	1331
MA0050.2	8	1	56	4	1302
MA0050.2	9	1	1249	1	113
MA0050.2	10	913	39	238	172
MA0050.2	11	20	787	345	210
MA0050.2	12	16	1	1	1345
MA0050.2	13	7	14	5	1336
MA0050.2	14	11	58	1	1293
MA0050.2	15	17	1023	28	294
MA0050.2	16	513	245	263	341
MA0050.2	17	218	464	291	389
MA0050.2	18	145	186	114	917
MA0050.2	19	198	193	99	872
MA0050.2	20	166	331	151	714
MA0058.2	0	12557	741	8243	3024
MA0058.2	1	13557	1112	6781	3115
MA0058.2	2	5014	3587	12571	3393
MA0058.2	3	1	24565	1	1
MA0058.2	4	24565	1	1	1
MA0058.2	5	1	24565	1	1
MA0058.2	6	19618	1	4947	1
MA0058.2	7	1	1	1	24565
MA0058.2	8	1	1	24565	1
MA0058.2	9	122	2889	14194	7360
MA0052.2	0	481	148	379	465
MA0052.2	1	169	149	625	530
MA0052.2	2	116	1179	32	146
MA0052.2	3	1	473	1	1000
MA0052.2	4	1272	68	14	119
MA0052.2	5	1008	1	119	346
MA0052.2	6	1383	1	39	51
MA0052.2	7	1352	5	1	116
MA0052.2	8	1390	1	1	83
MA0052.2	9	6	1	1	1467
MA0052.2	10	1472	1	1	1
MA0052.2	11	231	49	1160	33
MA0052.2	12	587	632	112	142
MA0052.2	13	530	409	110	424
MA0052.2	14	345	449	203	476
MA0100.2	0	89	374	190	326
MA0100.2	1	227	452	1	300
MA0100.2	2	979	1	1	1
MA0100.2	3	910	1	69	1
MA0100.2	4	1	979	1	1
MA0100.2	5	53	1	1	926
MA0100.2	6	1	1	979	1
MA0100.2	7	150	416	9	404
MA0100.2	8	30	949	1	1
MA0100.2	9	725	8	1	246
MA0147.2	0	1181	3650	504	1
MA0147.2	1	1	5335	1	1
MA0147.2	2	5335	1	1	1
MA0147.2	3	1	2295	1	3040
MA0147.2	4	1	1	5335	1
MA0147.2	5	1	1	1	5335
MA0147.2	6	1	1	5335	1
MA0147.2	7	49	2297	2081	908
MA0147.2	8	848	1087	556	2844
MA0147.2	9	82	1877	801	2575
MA0104.3	0	528	146	566	163
MA0104.3	1	1	1135	268	1
MA0104.3	2	1	1403	1	1
MA0104.3	3	1403	1	1	1
MA0104.3	4	1	1403	1	1
MA0104.3	5	168	1	1235	1
MA0104.3	6	1	1	1	1403
MA0104.3	7	1	1	1403	1
MA0150.2	0	166	338	109	113
MA0150.2	1	401	78	159	88
MA0150.2	2	118	239	275	94
MA0150.2	3	203	247	152	124
MA0150.2	4	488	28	205	5
MA0150.2	5	1	1	1	726
MA0150.2	6	1	1	711	15
MA0150.2	7	726	1	1	1
MA0150.2	8	20	533	118	55
MA0150.2	9	84	20	16	606
MA0150.2	10	65	549	46	66
MA0150.2	11	577	3	90	56
MA0150.2	12	10	11	698	7
MA0150.2	13	4	699	19	4
MA0150.2	14	623	26	31	46
MA0105.3	0	570	319	2682	1541
MA0105.3	1	55	1	5057	1
MA0105.3	2	121	1	4902	89
MA0105.3	3	3141	224	1635	112
MA0105.3	4	2228	1204	812	868
MA0105.3	5	1	1	1	5112
MA0105.3	6	1	55	84	4973
MA0105.3	7	1	1526	1	3586
MA0105.3	8	1	4858	1	254
MA0105.3	9	1	5026	1	86
MA0105.3	10	1580	2395	269	868
MA0060.2	0	4708	1515	983	1562
MA0060.2	1	1187	987	4580	2014
MA0060.2	2	3548	2256	2168	796
MA0060.2	3	1203	2973	3978	614
MA0060.2	4	1826	2344	313	4285
MA0060.2	5	192	834	4788	2954
MA0060.2	6	237	7384	481	666
MA0060.2	7	16	993	242	7517
MA0060.2	8	222	1018	7181	347
MA0060.2	9	8555	2	150	61
MA0060.2	10	5	52	8	8703
MA0060.2	11	10	5	5	8748
MA0060.2	12	29	10	8720	9
MA0060.2	13	12	70	8683	3
MA0060.2	14	377	2677	15	5699
MA0060.2	15	460	3943	1873	2492
MA0060.2	16	1537	4176	2227	828
MA0060.2	17	4261	1136	2707	664
MA0014.2	0	261	228	333	74
MA0014.2	1	315	59	222	300
MA0014.2	2	308	30	546	12
MA0014.2	3	245	148	336	167
MA0014.2	4	1	169	455	272
MA0014.2	5	39	736	1	121
MA0014.2	6	766	21	83	26
MA0014.2	7	152	163	533	48
MA0014.2	8	9	538	35	314
MA0014.2	9	174	419	294	9
MA0014.2	10	542	8	344	2
MA0014.2	11	537	17	185	157
MA0014.2	12	1	215	679	2
MA0014.2	13	3	751	17	125
MA0014.2	14	317	17	540	22
MA0014.2	15	153	41	155	547
MA0014.2	16	225	6	659	6
MA0014.2	17	587	33	222	54
MA0014.2	18	152	667	25	52
MA0080.3	0	24957	10470	17557	10731
MA0080.3	1	27071	7875	22021	6748
MA0080.3	2	38966	3311	13786	7652
MA0080.3	3	42251	3103	12032	6329
MA0080.3	4	38682	534	11483	13016
MA0080.3	5	12577	8120	43018	1
MA0080.3	6	45356	3209	14683	467
MA0080.3	7	4801	1	58914	1
MA0080.3	8	1	1	63715	1
MA0080.3	9	63665	1	50	1
MA0080.3	10	63715	1	1	1
MA0080.3	11	3436	10145	50134	1
MA0080.3	12	8250	3223	3385	48857
MA0080.3	13	3893	12038	45501	2283
MA0080.3	14	21911	12028	21003	8773
MA0143.3	0	1	1476	1	1
MA0143.3	1	1	1476	1	1
MA0143.3	2	669	1	1	807
MA0143.3	3	1	1	1	1476
MA0143.3	4	1	1	1	1476
MA0143.3	5	1	1	1476	1
MA0143.3	6	1	1	1	1476
MA0143.3	7	1	419	297	760
MA0079.3	0	857	1786	4271	1820
MA0079.3	1	1	6215	642	1877
MA0079.3	2	99	6703	1	1932
MA0079.3	3	1	8734	1	1
MA0079.3	4	1	8661	1	73
MA0079.3	5	1359	1	4624	2751
MA0079.3	6	1	8734	1	1
MA0079.3	7	1	8734	1	1
MA0079.3	8	1	6679	1	2055
MA0079.3	9	1054	6357	1	1323
MA0079.3	10	652	4969	734	2379
MA0083.2	0	426	813	281	757
MA0083.2	1	1017	446	331	483
MA0083.2	2	515	285	206	1271
MA0083.2	3	270	257	1000	750
MA0083.2	4	477	681	533	586
MA0083.2	5	49	2144	1	84
MA0083.2	6	1	2105	1	172
MA0083.2	7	1767	66	23	421
MA0083.2	8	1184	1	73	1020
MA0083.2	9	2226	1	16	35
MA0083.2	10	590	120	16	1551
MA0083.2	11	2048	12	51	166
MA0083.2	12	1452	10	87	728
MA0083.2	13	68	1	2209	1
MA0083.2	14	15	7	2255	1
MA0083.2	15	608	864	441	364
MA0083.2	16	1353	504	230	190
MA0083.2	17	1299	178	460	340
MA0137.3	0	366	731	785	1747
MA0137.3	1	1	52	1	3577
MA0137.3	2	1	6	110	3513
MA0137.3	3	361	3262	6	1
MA0137.3	4	109	2009	1	1511
MA0137.3	5	1739	1	1637	253
MA0137.3	6	163	1	3466	1
MA0137.3	7	29	7	3426	167
MA0137.3	8	3620	1	9	1
MA0137.3	9	3624	5	1	1
MA0137.3	10	1879	311	725	714
MA0144.2	0	1936	8571	3801	7312
MA0144.2	1	708	1	1	20912
MA0144.2	2	250	346	5850	15174
MA0144.2	3	1006	19585	1	1029
MA0144.2	4	840	7780	1	13000
MA0144.2	5	3692	1	11456	6472
MA0144.2	6	1574	1	20046	1
MA0144.2	7	2532	1	18686	402
MA0144.2	8	21620	1	1	1
MA0144.2	9	21620	1	1	1
MA0144.2	10	9311	962	6579	4768
MA0140.2	0	1114	2038	967	836
MA0140.2	1	206	807	159	3783
MA0140.2	2	318	1	1	4637
MA0140.2	3	4955	1	1	1
MA0140.2	4	1	1	1	4955
MA0140.2	5	1	4955	1	1
MA0140.2	6	2049	63	55	2788
MA0140.2	7	658	1331	2214	752
MA0140.2	8	963	1214	1244	1534
MA0140.2	9	1191	1127	1520	1117
MA0140.2	10	1778	1130	990	1057
MA0140.2	11	1038	1237	1712	968
MA0140.2	12	1352	1142	1466	995
MA0140.2	13	1885	1033	820	1217
MA0140.2	14	1381	1237	1884	453
MA0140.2	15	110	4822	23	1
MA0140.2	16	4659	1	1	296
MA0140.2	17	160	890	3544	361
MA0003.2	0	1387	1630	851	1230
MA0003.2	1	2141	1060	792	1105
MA0003.2	2	727	1506	884	1981
MA0003.2	3	1517	519	985	2077
MA0003.2	4	56	1199	3712	131
MA0003.2	5	1	5098	1	1
MA0003.2	6	1	4762	1	336
MA0003.2	7	62	1736	85	3215
MA0003.2	8	346	2729	1715	308
MA0003.2	9	3738	236	920	204
MA0003.2	10	460	1	4638	1
MA0003.2	11	1	1	5098	1
MA0003.2	12	116	1443	3455	84
MA0003.2	13	451	3672	465	510
MA0003.2	14	3146	690	168	1094
MA0106.2	0	736	1	469	26
MA0106.2	1	3	1191	5	32
MA0106.2	2	963	45	29	194
MA0106.2	3	269	11	33	918
MA0106.2	4	1	1	1231	1
MA0106.2	5	73	597	1	561
MA0106.2	6	175	818	47	191
MA0106.2	7	80	919	52	180
MA0106.2	8	810	162	87	172
MA0106.2	9	337	45	790	59
MA0106.2	10	837	1	377	17
MA0106.2	11	1	1226	3	2
MA0106.2	12	1013	26	12	180
MA0106.2	13	178	43	25	985
MA0106.2	14	36	6	1186	3
MA0093.2	0	4846	3764	7162	1070
MA0093.2	1	1472	7448	2983	4939
MA0093.2	2	43	16799	1	1
MA0093.2	3	16573	1	1	269
MA0093.2	4	188	10279	932	5443
MA0093.2	5	1605	595	14642	1
MA0093.2	6	1	1	1	16842
MA0093.2	7	1	1	16842	1
MA0093.2	8	14762	1	1375	705
MA0093.2	9	1	13166	1	3676
MA0093.2	10	1821	9926	1113	3982
MA0095.2	0	1126	4583	801	661
MA0095.2	1	6975	1	181	15
MA0095.2	2	6741	99	268	63
MA0095.2	3	2506	1117	3282	266
MA0095.2	4	7171	1	1	1
MA0095.2	5	1	12	1	7159
MA0095.2	6	11	1	7160	1
MA0095.2	7	13	1	7158	1
MA0095.2	8	812	5637	38	684
MA0095.2	9	867	1681	2765	1858
MA0095.2	10	899	875	4655	742
MA0095.2	11	1332	4568	391	880
MA0103.2	0	856	1455	830	414
MA0103.2	1	1	2991	1	564
MA0103.2	2	1197	333	431	1594
MA0103.2	3	1	3170	1	385
MA0103.2	4	3555	1	1	1
MA0103.2	5	1	3555	1	1
MA0103.2	6	1	3555	1	1
MA0103.2	7	1	1	1	3555
MA0103.2	8	1	1	3555	1
MA0591.1	0	45	14	41	14
MA0591.1	1	14	36	46	18
MA0591.1	2	15	41	54	4
MA0591.1	3	66	16	32	1
MA0591.1	4	2	1	1	111
MA0591.1	5	1	1	107	7
MA0591.1	6	113	1	1	1
MA0591.1	7	1	94	20	1
MA0591.1	8	1	1	4	109
MA0591.1	9	5	107	2	1
MA0591.1	10	108	1	3	2
MA0591.1	11	1	1	113	1
MA0591.1	12	1	114	1	1
MA0591.1	13	98	4	6	6
MA0591.1	14	12	42	38	22
MA0592.1	0	17	118	11	62
MA0592.1	1	18	174	15	1
MA0592.1	2	200	2	6	1
MA0592.1	3	198	1	10	1
MA0592.1	4	1	1	203	5
MA0592.1	5	1	1	207	1
MA0592.1	6	6	1	22	180
MA0592.1	7	1	205	3	1
MA0592.1	8	197	1	10	1
MA0592.1	9	23	108	44	33
MA0592.1	10	70	54	40	44
MA0593.1	0	330	113	190	133
MA0593.1	1	340	7	142	277
MA0593.1	2	160	1	606	1
MA0593.1	3	59	1	1	707
MA0593.1	4	766	1	1	1
MA0593.1	5	766	1	1	1
MA0593.1	6	766	1	1	1
MA0593.1	7	1	757	1	9
MA0593.1	8	766	1	1	1
MA0593.1	9	297	154	293	22
MA0593.1	10	332	124	184	126
MA0594.1	0	34	53	81	4
MA0594.1	1	12	110	5	45
MA0594.1	2	38	117	1	17
MA0594.1	3	161	3	8	1
MA0594.1	4	1	1	1	172
MA0594.1	5	101	58	8	5
MA0594.1	6	157	6	1	9
MA0594.1	7	171	1	1	1
MA0594.1	8	5	1	1	166
MA0594.1	9	7	154	1	11
MA0594.1	10	131	11	1	30
MA0595.1	0	28	14	16	1
MA0595.1	1	1	1	1	58
MA0595.1	2	1	58	1	1
MA0595.1	3	58	1	1	1
MA0595.1	4	1	51	7	1
MA0595.1	5	6	38	13	1
MA0595.1	6	1	44	1	14
MA0595.1	7	2	45	11	1
MA0595.1	8	58	1	1	1
MA0595.1	9	1	26	7	25
MA0596.1	0	24	9	14	1
MA0596.1	1	1	1	1	47
MA0596.1	2	1	3	44	1
MA0596.1	3	10	1	37	1
MA0596.1	4	2	10	27	8
MA0596.1	5	2	9	36	1
MA0596.1	6	1	1	1	47
MA0596.1	7	1	1	47	1
MA0596.1	8	47	1	1	1
MA0596.1	9	2	16	2	27
MA0597.1	0	18	93	27	61
MA0597.1	1	15	47	12	125
MA0597.1	2	20	1	137	42
MA0597.1	3	7	182	1	10
MA0597.1	4	3	195	1	1
MA0597.1	5	58	136	1	4
MA0597.1	6	47	17	77	58
MA0597.1	7	30	71	41	57
MA0597.1	8	116	34	17	32
MA0598.1	0	703	724	1	1
MA0598.1	1	1	1427	1	1
MA0598.1	2	1	1	1	1427
MA0598.1	3	1	1	1	1427
MA0598.1	4	1	1427	1	1
MA0598.1	5	1	1427	1	1
MA0598.1	6	1	1	1	1427
MA0598.1	7	1	707	720	1
MA0599.1	0	1429	2023	7572	2587
MA0599.1	1	1	11900	1	1711
MA0599.1	2	1	12008	1	1603
MA0599.1	3	3477	9569	1	565
MA0599.1	4	1	13611	1	1
MA0599.1	5	5051	1	5182	3378
MA0599.1	6	1	13611	1	1
MA0599.1	7	1	13611	1	1
MA0599.1	8	1	13135	1	476
MA0599.1	9	3915	5595	1	4101
MA0600.1	0	373	141	1716	116
MA0600.1	1	62	184	317	1783
MA0600.1	2	192	736	64	1354
MA0600.1	3	431	317	910	688
MA0600.1	4	34	1936	121	255
MA0600.1	5	1	2162	7	176
MA0600.1	6	1567	432	41	306
MA0600.1	7	164	222	94	1866
MA0600.1	8	581	1	1765	1
MA0600.1	9	193	5	2146	2
MA0600.1	10	214	1932	1	200
MA0600.1	11	2095	8	170	73
MA0600.1	12	2312	1	28	6
MA0600.1	13	1	2294	1	52
MA0600.1	14	760	784	539	263
MA0600.1	15	588	403	1178	177
MA0600.1	16	406	831	733	376
MA0600.1	17	585	630	761	370
MA0600.1	18	620	668	678	380
MA0113.2	0	248	1	150	67
MA0113.2	1	70	1	370	25
MA0113.2	2	207	94	109	55
MA0113.2	3	401	1	36	28
MA0113.2	4	1	465	1	1
MA0113.2	5	385	1	14	66
MA0113.2	6	152	136	177	1
MA0113.2	7	234	71	81	79
MA0113.2	8	249	107	109	1
MA0113.2	9	108	1	19	338
MA0113.2	10	1	1	465	1
MA0113.2	11	47	8	1	410
MA0113.2	12	120	162	1	183
MA0113.2	13	1	407	1	58
MA0113.2	14	60	150	1	255
